mz	intensity	present	rsd	present_flag	rsd_flag	flags
74.0168824485	8147.82177734	1	nan	0	0	0
90.0549398501	9361.84960938	1	nan	0	0	0
90.4660444612	9457.82617188	1	nan	0	0	0
90.469186144	8374.24414062	1	nan	0	0	0
97.0050038964	21486.5716146	3	12.7281921623	1	1	1
98.9951400713	15040.4785156	3	9.20708847901	1	1	1
98.9954943172	91469.6328125	3	6.93706816202	1	1	1
100.993598998	8742.36132812	1	nan	0	0	0
101.003151625	8417.89453125	1	nan	0	0	0
101.059685255	10529.3041992	2	21.3221007312	1	0	0
101.327633078	9070.84765625	1	nan	0	0	0
101.723705631	8218.56542969	1	nan	0	0	0
101.728977669	9681.91894531	1	nan	0	0	0
101.730266621	9552.39111328	1	nan	0	0	0
101.731026017	8807.48046875	1	nan	0	0	0
101.731621706	8884.52636719	1	nan	0	0	0
101.731903514	13021.125	1	nan	0	0	0
101.732525648	9469.80957031	1	nan	0	0	0
101.733329206	9790.24348958	3	12.8028201912	1	1	1
101.733942299	10218.1699219	1	nan	0	0	0
101.734780206	8449.25195312	1	nan	0	0	0
101.736254288	8476.89648438	1	nan	0	0	0
101.736929304	14294.9580078	1	nan	0	0	0
101.737348291	15901.8613281	1	nan	0	0	0
101.73793608	15369.6123047	1	nan	0	0	0
101.738606539	10854.5766602	2	13.2893027868	1	1	1
101.738916634	15224.4257812	1	nan	0	0	0
101.739149173	11248.9160156	1	nan	0	0	0
101.739438455	9982.77880859	2	2.15601271545	1	1	1
101.740045119	15486.0810547	1	nan	0	0	0
101.740706534	9453.72900391	3	17.7311201997	1	1	1
101.741208213	9436.55501302	3	11.3639580778	1	1	1
101.741581431	14926.6347656	1	nan	0	0	0
101.741864648	12607.7270508	2	16.5458388401	1	1	1
101.742181738	8438.84863281	1	nan	0	0	0
101.742668478	10110.2226562	1	nan	0	0	0
101.742878852	11287.0419922	2	18.8629522014	1	1	1
101.743085263	9505.00585938	2	11.4990189175	1	1	1
101.743462233	15485.2958984	1	nan	0	0	0
101.743966316	10470.7910156	3	5.97747388098	1	1	1
101.74437453	14775.9052734	2	33.2356103657	1	0	0
101.744720975	8356.24853516	2	1.17169406291	1	1	1
101.745179689	10216.5424805	2	15.0399319348	1	1	1
101.745593334	10547.2236328	1	nan	0	0	0
101.745905629	15858.5708008	2	15.0500827428	1	1	1
101.746236426	10370.1230469	1	nan	0	0	0
101.746601508	15313.8886719	2	24.6205988207	1	0	0
101.746987924	15794.7851562	1	nan	0	0	0
101.747205838	11318.5244141	1	nan	0	0	0
101.747548751	19332.3129883	2	41.6444400676	1	0	0
101.747919516	11132.1293945	2	4.87103134091	1	1	1
101.748244798	14293.921224	3	14.9065082294	1	1	1
101.748538735	20433.765625	1	nan	0	0	0
101.748868908	10697.8876953	2	8.92071549244	1	1	1
101.74911431	13213.2241211	2	0.411907563457	1	1	1
101.749710653	13551.7636719	2	7.00016992138	1	1	1
101.74994891	9835.52539062	1	nan	0	0	0
101.750227953	13262.6123047	2	8.29121601895	1	1	1
101.75044795	15779.3720703	1	nan	0	0	0
101.750859639	16087.7685547	3	21.6124575306	1	0	0
101.751233418	22001.921875	1	nan	0	0	0
101.751467887	18976.4726562	2	0.291891048476	1	1	1
101.751818483	13570.8300781	1	nan	0	0	0
101.752148109	14299.5830078	2	2.20936293966	1	1	1
101.752368753	16935.7192383	2	22.5080715791	1	0	0
101.752712294	14401.9267578	2	1.68400590389	1	1	1
101.753212129	10256.0569661	3	29.0718497796	1	0	0
101.753652351	12058.3294271	3	13.4704552293	1	1	1
101.75400455	16549.1420898	2	14.4099974735	1	1	1
101.754242135	15463.7099609	1	nan	0	0	0
101.754741635	8198.62402344	1	nan	0	0	0
101.755208965	12330.1220703	2	15.8913975041	1	1	1
101.755502475	14736.815918	2	11.3327229493	1	1	1
101.755886688	12434.1728516	2	9.25083366758	1	1	1
101.756333726	16489.4392904	3	60.9740022161	1	0	0
101.756572572	15000.1977539	2	21.2198862613	1	0	0
101.756812932	13754.9213867	2	9.24402448428	1	1	1
101.757190018	23431.0136719	2	3.08947167795	1	1	1
101.757566962	15910.0820312	1	nan	0	0	0
101.757826139	16095.6106771	3	28.5108211933	1	0	0
101.758177847	16498.0195312	1	nan	0	0	0
101.758540393	9386.08691406	1	nan	0	0	0
101.758755341	13608.2246094	2	21.2556572305	1	0	0
101.758964566	16294.6494141	1	nan	0	0	0
101.759397278	15896.0878906	1	nan	0	0	0
101.75960239	15289.1201172	2	26.5478751709	1	0	0
101.759926543	15308.9176432	3	18.6073929372	1	1	1
101.760394681	18087.53125	1	nan	0	0	0
101.760651172	13700.6171875	3	18.9366010374	1	1	1
101.760997878	17119.6572266	3	31.2886322538	1	0	0
101.761763148	18601.9667969	2	8.4244494056	1	1	1
101.761978625	22522.0703125	1	nan	0	0	0
101.762286087	22666.9316406	1	nan	0	0	0
101.762492483	10775.862793	2	20.030058498	1	0	0
101.762746438	13989.5410156	2	40.0007259888	1	0	0
101.763134945	12753.6660156	2	10.1021504693	1	1	1
101.763368343	14050.78125	1	nan	0	0	0
101.763678274	19112.7027995	3	26.6244381176	1	0	0
101.764097187	12557.1184896	3	31.5798353717	1	0	0
101.764476547	10816.9075521	3	8.96892096627	1	1	1
101.765165766	16920.8225098	2	9.25924250627	1	1	1
101.765643263	11447.2363281	1	nan	0	0	0
101.765957253	17192.8180339	3	52.3608935868	1	0	0
101.766536525	14405.6870117	2	36.1271066484	1	0	0
101.766800927	20145.0205078	2	17.4983388274	1	1	1
101.767014353	16692.0820312	1	nan	0	0	0
101.767432379	12908.8557943	3	21.9859928741	1	0	0
101.767772546	12888.1389974	3	12.1757201255	1	1	1
101.768176162	15495.0838216	3	34.0553843845	1	0	0
101.768529599	14614.3186849	3	20.7300719324	1	0	0
101.768919187	22077.0950521	3	35.2187059119	1	0	0
101.76927074	12952.4091797	2	18.4816003478	1	1	1
101.769492405	26036.2734375	2	9.03080527977	1	1	1
101.769862091	20060.9848633	2	28.8540068629	1	0	0
101.770087926	22585.0693359	2	0.313887022032	1	1	1
101.770386449	20701.6445312	1	nan	0	0	0
101.770707502	17962.8797201	3	7.90695078284	1	1	1
101.771012446	16415.8769531	3	25.1072759393	1	0	0
101.771294692	20444.5198568	3	25.9948875894	1	0	0
101.771525887	18021.7304688	1	nan	0	0	0
101.771812112	33200.9707031	2	1.31180864264	1	1	1
101.772224531	18076.5179036	3	35.3502881548	1	0	0
101.772543278	19196.0820312	1	nan	0	0	0
101.772752771	13000.3942057	3	20.4343321845	1	0	0
101.773024353	18548.9033203	3	38.0963264587	1	0	0
101.773397274	24168.234375	3	15.7865310954	1	1	1
101.773758616	22057.75	2	13.5646059775	1	1	1
101.774121382	29362.1393229	3	33.0975329967	1	0	0
101.774429849	28450.3867188	1	nan	0	0	0
101.774745704	25207.0371094	3	9.45283789649	1	1	1
101.775058748	28617.0654297	2	17.1948897543	1	1	1
101.775356446	15455.7885742	2	0.0070924327218	1	1	1
101.775647706	25882.2916667	3	48.5808764492	1	0	0
101.7759363	33885.3945312	1	nan	0	0	0
101.776352681	25660.0097656	1	nan	0	0	0
101.776578193	22788.1106771	3	46.0549596975	1	0	0
101.776974539	17979.7421875	3	50.0359332147	1	0	0
101.777314765	18646.434082	2	17.0676615159	1	1	1
101.777579647	18894.8486328	2	26.165381241	1	0	0
101.777829222	17560.1123047	3	32.1314562948	1	0	0
101.778110132	16300.1230469	3	41.1889880428	1	0	0
101.778446543	13823.2250977	2	28.0946550093	1	0	0
101.778689055	52206.171875	1	nan	0	0	0
101.778988476	29136.8502604	3	40.2127701544	1	0	0
101.779402955	20376.0569661	3	27.3467318838	1	0	0
101.779759078	18733.0361328	2	11.3412348224	1	1	1
101.77997069	47846.1953125	1	nan	0	0	0
101.780286888	21765.7382812	3	44.2942695949	1	0	0
101.780528705	17026.9663086	2	46.6130572348	1	0	0
101.780763417	20336.1367188	2	13.1454436386	1	1	1
101.781042106	30451.6689453	2	9.65016317321	1	1	1
101.781375232	25714.0654297	2	44.6858618651	1	0	0
101.781649986	24445.235026	3	50.2596478844	1	0	0
101.781984178	19021.4130859	2	35.5810194791	1	0	0
101.782253578	16448.4306641	2	40.5961803086	1	0	0
101.782631928	15787.7250977	3	20.4937856964	1	0	0
101.783018114	19947.8815918	3	39.8688041615	1	0	0
101.783406666	23713.7011719	2	19.7552262236	1	1	1
101.783693632	19687.4182943	3	17.5412191803	1	1	1
101.784016037	15678.137207	2	1.52884759875	1	1	1
101.784275208	22961.5683594	1	nan	0	0	0
101.784661589	17575.1456706	3	5.80548809269	1	1	1
101.785067199	10372.6191406	1	nan	0	0	0
101.785377655	18548.5714518	3	26.3259751798	1	0	0
101.785804459	13451.3245443	3	33.808403556	1	0	0
101.786166434	26810.9960938	1	nan	0	0	0
101.786571384	11743.862793	2	11.5804544021	1	1	1
101.787021602	17616.6152344	3	37.2069917713	1	0	0
101.787564758	11474.4348958	3	13.8212252483	1	1	1
101.787931692	14787.3671875	2	34.4594705257	1	0	0
101.788357842	13817.7128906	1	nan	0	0	0
101.788699357	17324.4960938	2	5.19686156095	1	1	1
101.78906521	14103.3173828	2	10.6040820266	1	1	1
101.789521677	17175.1630859	2	51.1610578207	1	0	0
101.789945531	14450.3413086	1	nan	0	0	0
101.790364371	11061.96875	1	nan	0	0	0
101.790713931	10927.1884766	2	13.2012582219	1	1	1
101.79099181	12398.2288411	3	9.61552479737	1	1	1
101.791676501	11987.9492188	1	nan	0	0	0
101.791957239	8693.09472656	1	nan	0	0	0
101.793506199	9174.88330078	2	5.80105194415	1	1	1
101.794009311	9627.16796875	1	nan	0	0	0
101.794653432	9752.60742188	2	5.98552870977	1	1	1
101.795427468	9395.17285156	1	nan	0	0	0
101.795790591	8568.48144531	1	nan	0	0	0
101.796817279	9931.89599609	2	9.16031018475	1	1	1
101.797969775	10997.4091797	1	nan	0	0	0
101.798795113	11769.8144531	1	nan	0	0	0
101.800830401	9791.80859375	2	13.3888518105	1	1	1
102.091316157	14068.296875	1	nan	0	0	0
103.038947856	31753.5820312	3	8.41110723861	1	1	1
104.07058559	9055.75097656	2	0.733951760843	1	1	1
104.106974399	22279.0332031	3	11.6673380356	1	1	1
105.003249663	12679.6113281	3	11.1357016635	1	1	1
105.489646747	10054.1630859	1	nan	0	0	0
106.049831308	13024.5756836	2	8.12349895486	1	1	1
106.950567228	27933.4023438	3	19.1509309099	1	1	1
110.071261255	15979.9199219	3	10.4602169022	1	1	1
112.036893929	11290.8242188	3	26.9221275022	1	0	0
112.051457289	9294.69726562	1	nan	0	0	0
112.05186572	19386.0859375	3	7.72824342304	1	1	1
112.052298721	150338.328125	3	3.06548640419	1	1	1
112.086905704	10884.2936198	3	27.3190023013	1	0	0
113.008342264	11536.8388672	2	6.45260600744	1	1	1
113.020919682	16219.3544922	3	13.85633796	1	1	1
113.05563557	8733.55273438	1	nan	0	0	0
114.05043243	12648.0465495	3	10.6404092772	1	1	1
114.066180513	66207.8333333	3	5.59123099236	1	1	1
115.036557448	29863.139974	3	0.86243723128	1	1	1
116.070604005	23455.3040365	3	21.1724881864	1	0	0
116.977092154	12808.1660156	3	24.5144225415	1	0	0
118.08533683	16410.4596354	3	4.59843023295	1	1	1
118.085688449	27326.1878255	3	7.90988441906	1	1	1
118.086250829	307602.447917	3	9.72573319887	1	1	1
119.018926037	22444.6321615	3	0.829805367601	1	1	1
119.089617739	13689.9498698	3	10.0136637304	1	1	1
120.980819857	10454.8167318	3	5.05642016786	1	1	1
122.924538897	14786.945638	3	1.75689067392	1	1	1
123.013846587	50188.2825521	3	25.0299655669	1	0	0
123.055295402	28416.4928385	3	10.3202656368	1	1	1
124.999923626	8312.40527344	1	nan	0	0	0
125.011404056	8457.11621094	1	nan	0	0	0
126.021941878	15260.5488281	3	18.3049996687	1	1	1
128.010260395	9060.96777344	1	nan	0	0	0
128.010843587	44371.2981771	3	16.424116987	1	1	1
128.994188721	10043.8251953	1	nan	0	0	0
128.994866377	59900.5481771	3	5.7876376913	1	1	1
129.031238219	8220.02050781	1	nan	0	0	0
129.06586351	8951.05859375	1	nan	0	0	0
130.049221932	22500.9661458	3	9.23402758231	1	1	1
130.049873374	113748.263021	3	10.6498537822	1	1	1
130.086248683	13545.4573568	3	25.9101617148	1	0	0
130.992976851	9792.78417969	1	nan	0	0	0
131.009357113	9418.51660156	1	nan	0	0	0
131.009822558	31491.8463542	3	7.06656691834	1	1	1
131.010513843	124871.609375	3	12.3860098184	1	1	1
131.018266487	16973.5175781	2	7.72572991405	1	1	1
131.018944911	48413.7591146	3	18.8515596015	1	1	1
131.053218058	19197.46875	2	14.8892818715	1	1	1
131.070280863	8230.16796875	1	nan	0	0	0
131.350996755	8252.55664062	1	nan	0	0	0
131.351408975	8411.12988281	1	nan	0	0	0
132.019779163	10283.3408203	2	16.3361440269	1	1	1
132.065473144	17477.6835938	2	3.2204795982	1	1	1
132.068712689	8446.99316406	1	nan	0	0	0
132.072820676	9091.4280599	3	10.4136058236	1	1	1
132.073088245	9868.84195964	3	13.1172999149	1	1	1
132.073567755	12355.429362	3	5.00349487545	1	1	1
132.074000055	14682.8621419	3	9.38974655622	1	1	1
132.074579995	27577.1757812	3	3.85804732463	1	1	1
132.075003883	70130.2786458	3	3.75205552157	1	1	1
132.075555873	348220.895833	3	3.00372824618	1	1	1
132.076091834	1609888.625	3	3.50091277629	1	1	1
132.076675725	16169485.6667	3	3.04573222211	1	1	1
132.077210422	1835192.91667	3	3.7018984412	1	1	1
132.078011107	42624.5234375	2	7.38239558763	1	1	1
132.078368922	24374.5488281	3	2.66125838234	1	1	1
132.078792333	20403.9749349	3	4.88716618523	1	1	1
132.079218257	16820.285319	3	8.78185735121	1	1	1
132.07953777	14481.1347656	3	9.28930691417	1	1	1
132.079851335	12598.2978516	3	2.38830068433	1	1	1
132.080172607	11576.7854818	3	9.21620803368	1	1	1
132.080455983	10077.7244466	3	2.68290266812	1	1	1
132.080984316	9366.46934679	3	5.5082014104	1	1	1
132.081433515	9270.14160156	1	nan	0	0	0
132.10076937	24679.3476562	3	0.827658246349	1	1	1
132.101248622	94387.3020833	3	4.83913239062	1	1	1
132.101915669	308260.09375	3	2.25461307058	1	1	1
132.102459998	24452.6022135	3	3.54196037294	1	1	1
132.442544468	9659.83203125	1	nan	0	0	0
132.971351427	8667.15722656	1	nan	0	0	0
132.972011414	16862.4029948	3	21.5525805644	1	0	0
132.998234115	8850.34667969	1	nan	0	0	0
133.00864704	16710.8665365	3	24.0858900599	1	0	0
133.016514173	13646.7875977	2	5.65830779272	1	1	1
133.0317966	13176.5641276	3	36.5488692729	1	0	0
133.033905563	12998.6855469	3	15.9922734504	1	1	1
133.03459173	48617.6106771	3	25.1542317396	1	0	0
133.060793579	16886.5950521	3	12.8181749263	1	1	1
133.07260965	8721.8203125	2	3.123799146	1	1	1
133.073112923	32807.9772135	3	2.00170168559	1	1	1
133.073800777	121649.942708	3	9.48887842613	1	1	1
133.074321714	8220.91113281	1	nan	0	0	0
133.078512028	9816.26220703	2	13.7971632592	1	1	1
133.078936414	36369.78125	3	6.75994416912	1	1	1
133.079450914	119150.822917	3	4.25064283011	1	1	1
133.080120289	475378.052083	3	5.22853103482	1	1	1
133.080631139	37104.0	1	nan	0	0	0
133.083086352	12498.9313151	3	17.3279344611	1	1	1
133.085907783	14634.304362	3	11.4496567502	1	1	1
133.097179488	13599.360026	3	21.9016697534	1	0	0
133.104603046	10260.9492188	1	nan	0	0	0
133.105266389	27639.9238281	3	6.62313848808	1	1	1
134.044166173	8607.07128906	1	nan	0	0	0
134.044805053	18133.0524089	3	20.1103864766	1	0	0
134.08035172	13654.8408203	1	nan	0	0	0
134.081010974	52624.8450521	3	7.37830234828	1	1	1
134.083520731	11958.8881836	2	31.3245823511	1	0	0
134.99649641	31908.6054688	3	2.33705604191	1	1	1
135.002168742	12223.5859375	3	9.69899941345	1	1	1
135.002871044	84057.8229167	3	3.0660156569	1	1	1
135.032159647	13272.1064453	1	nan	0	0	0
135.101586115	10363.5833333	3	13.4400271917	1	1	1
135.528240626	15019.1813151	3	6.97038894631	1	1	1
136.046483206	9221.64257812	1	nan	0	0	0
136.046918636	31401.1028646	3	2.40844427905	1	1	1
136.047437943	80401.3776042	3	3.20458287391	1	1	1
136.048134169	553878.0625	3	5.36839649015	1	1	1
136.048700274	42223.3378906	2	8.30726250187	1	1	1
136.06107294	11212.6842448	3	16.2526246554	1	1	1
136.061775486	65479.0833333	3	3.58081591012	1	1	1
136.073293303	10290.5722656	3	9.20337119851	1	1	1
136.939335045	18191.413737	3	7.94933099377	1	1	1
136.940058282	108432.268229	3	11.6962308596	1	1	1
137.006614188	8576.54785156	1	nan	0	0	0
137.028755071	10130.6933594	1	nan	0	0	0
137.029493425	55056.46875	3	8.62456426734	1	1	1
137.044547301	11991.9544271	3	5.16712718786	1	1	1
137.045068195	32080.7571615	3	7.86677081132	1	1	1
137.045782476	215867.567708	3	7.32203914481	1	1	1
137.046417274	10062.3710938	1	nan	0	0	0
137.051492858	24762.3483073	3	5.59087441739	1	1	1
137.057293908	22057.9746094	3	7.95136729152	1	1	1
138.031552065	10222.8792318	3	13.3274843801	1	1	1
138.04915047	9601.90625	2	6.09936462812	1	1	1
138.052564408	24553.750651	3	18.941313713	1	1	1
138.964152974	18853.8219401	3	17.6929483424	1	1	1
139.014855515	15521.5712891	3	16.2002049759	1	1	1
139.01559789	84037.609375	3	13.0830465956	1	1	1
139.0364946	12189.4316406	1	nan	0	0	0
139.072995345	8221.83691406	1	nan	0	0	0
139.111734564	10417.8383789	2	0.116213490298	1	1	1
140.010831987	10534.578125	2	18.6504950958	1	1	1
140.066450014	12745.0807292	3	10.8029930885	1	1	1
140.066933555	62855.1263021	3	5.46475779489	1	1	1
140.067485259	192870.578125	3	3.76650818484	1	1	1
140.068175441	1327386.41667	3	2.83690173633	1	1	1
140.068750555	101142.601562	3	4.98337244611	1	1	1
140.994878477	21192.7057292	3	5.28729203123	1	1	1
141.003250005	8772.51660156	1	nan	0	0	0
141.014530687	8567.71728516	2	0.436247644498	1	1	1
141.015093399	23401.8229167	3	5.62764834072	1	1	1
141.015854616	138046.541667	3	2.77717006311	1	1	1
141.070836531	8881.31770833	3	5.07879560597	1	1	1
141.07157567	57826.0533854	3	9.90307355941	1	1	1
141.088619596	10287.9287109	1	nan	0	0	0
142.026401351	15428.9169922	2	33.5531375586	1	0	0
142.04750876	9812.41601562	1	nan	0	0	0
142.948094857	30112.546875	3	2.44507611949	1	1	1
143.010542293	23157.9479167	3	19.7134905009	1	1	1
143.048535689	10697.918457	2	9.9569923088	1	1	1
143.106703325	12358.5805664	2	9.94071086981	1	1	1
144.005799814	12037.9013672	3	26.8391669402	1	0	0
144.101126166	10355.539388	3	7.95057065088	1	1	1
144.101926548	61823.0859375	3	6.36534821017	1	1	1
145.026184438	19335.5979818	3	11.658496709	1	1	1
145.034605251	22063.7128906	3	15.4421745241	1	1	1
145.037266501	28663.7526042	3	10.6521471528	1	1	1
145.049557163	9188.8688151	3	8.39783712273	1	1	1
146.092442143	19146.4973958	3	20.2130891107	1	0	0
146.116181633	19700.7701823	3	5.99099848973	1	1	1
146.116779243	53615.3320312	3	12.8224861415	1	1	1
146.117586112	326862.125	3	7.14888147667	1	1	1
146.118230095	20562.9423828	2	7.98018070755	1	1	1
146.165209099	30768.7877604	3	12.2194204547	1	1	1
147.074517983	15807.5139974	3	9.91032010913	1	1	1
147.075048817	87670.625	3	4.13164474943	1	1	1
147.075642546	306000.208333	3	3.76507813603	1	1	1
147.07639592	2169011.33333	3	5.37429264185	1	1	1
147.112016633	11698.4345703	3	24.3315176843	1	0	0
147.112827587	65720.2408854	3	7.90354538142	1	1	1
147.12092632	24635.3261719	3	3.00770176911	1	1	1
148.002473152	40309.0664062	3	1.27156977178	1	1	1
148.003081094	111259.005208	3	2.53865164892	1	1	1
148.003897888	725699.875	3	1.72895428378	1	1	1
148.004538597	52850.2643229	3	3.08351848347	1	1	1
148.058502557	9615.41308594	1	nan	0	0	0
148.059021658	41908.09375	3	4.29192631614	1	1	1
148.059638982	118109.182292	3	0.82763916438	1	1	1
148.060454342	732314.354167	3	1.824310097	1	1	1
148.061091225	55220.859375	3	4.76720880585	1	1	1
148.073470436	12288.0146484	2	6.90033407966	1	1	1
148.07896991	13051.389974	3	18.3533623409	1	1	1
148.079802738	78923.4036458	3	10.9915356679	1	1	1
148.096865118	15156.265625	3	4.7699368726	1	1	1
149.007278313	12449.4401042	3	13.0531601895	1	1	1
149.029553003	13663.6559245	3	23.5262809724	1	0	0
149.06381662	34799.1764323	3	6.86109801417	1	1	1
149.992815127	14361.8421224	3	20.9220707232	1	0	0
149.999721208	27368.9485677	3	1.47313255142	1	1	1
150.058362203	23984.1328125	3	16.8695293888	1	1	1
150.975330587	11962.211263	3	13.4185353545	1	1	1
150.975947728	33748.1210938	3	3.08510016991	1	1	1
150.976833291	191523.703125	3	1.93595099278	1	1	1
150.977499111	8732.37109375	1	nan	0	0	0
151.047827348	23251.483724	3	12.2411516493	1	1	1
152.021222205	14114.4876302	3	16.3266826516	1	1	1
152.022112075	88741.3880208	3	7.49905507408	1	1	1
152.031806934	9625.83105469	1	nan	0	0	0
156.040544157	26340.9648438	3	5.77696123992	1	1	1
156.041292694	91426.7994792	3	12.6697166917	1	1	1
156.042082179	763038.916667	3	3.72292817259	1	1	1
156.07674898	35162.2057292	3	7.32298436029	1	1	1
156.989759116	52883.859375	3	9.44645119076	1	1	1
157.01075328	8576.15934245	3	7.14107522822	1	1	1
157.045483994	40577.5846354	3	7.96019770788	1	1	1
158.040250239	47294.6901042	3	6.32756791951	1	1	1
158.921972263	31858.453125	3	9.11642620194	1	1	1
159.013836707	30125.0976562	3	14.6873885758	1	1	1
159.027720271	28080.7265625	3	9.43388107156	1	1	1
159.076424787	10995.2742513	3	19.1678941293	1	1	1
160.132255416	10772.0869141	1	nan	0	0	0
160.133190142	72081.6601562	3	13.3357548116	1	1	1
161.01114531	10385.6468099	3	14.610909341	1	1	1
161.029499946	9676.98291016	2	11.6583472349	1	1	1
161.128429905	40498.0201823	3	13.574372632	1	1	1
162.076046137	8725.01000977	2	13.4425184919	1	1	1
162.109901781	11311.6829427	3	5.39384433618	1	1	1
162.110690697	73601.6432292	3	6.08587736932	1	1	1
162.112341963	3770363.33333	3	5.39647120051	1	1	1
162.113084985	323267.510417	3	5.31571555636	1	1	1
162.114205752	9586.02376302	3	0.714737403238	1	1	1
162.955711086	9701.4124349	3	13.2719652233	1	1	1
163.045141213	29423.3509115	3	15.2181740407	1	1	1
163.109525702	10571.8069661	3	5.61582954202	1	1	1
163.114094656	7570.53759766	1	nan	0	0	0
163.114869217	25000.8326823	3	2.04960868384	1	1	1
163.115811688	210753.557292	3	0.14588318073	1	1	1
163.976067976	18979.7389323	3	6.94480617238	1	1	1
163.976867212	68457.8098958	3	3.26531190596	1	1	1
163.977777965	610405.666667	3	4.31587479854	1	1	1
164.1167133	17483.1337891	3	21.2349124556	1	0	0
164.119131621	9610.04882812	2	13.2108825702	1	1	1
164.530957544	9163.23828125	1	nan	0	0	0
164.981164616	12403.0585938	3	8.62760194881	1	1	1
165.007039503	8753.87695312	1	nan	0	0	0
165.05456612	9121.80493164	2	16.2516423706	1	1	1
165.973613412	27783.6861979	3	15.547309208	1	1	1
165.975932757	43675.390625	3	10.2699358254	1	1	1
166.001862274	11668.5992839	3	19.8449524453	1	1	1
166.086247878	67941.8880208	3	4.49390401844	1	1	1
166.949770495	11277.0764974	3	14.3593969337	1	1	1
166.950718295	122557.0	3	12.7001932051	1	1	1
167.02074589	12901.7643229	3	24.0586354117	1	0	0
167.021722744	145348.046875	3	10.3845944188	1	1	1
167.03147185	14304.250651	3	27.5383475282	1	0	0
167.040065884	19976.6842448	3	14.9528931943	1	1	1
167.046886551	8318.90218099	3	5.9075597311	1	1	1
167.104245482	13959.6962891	1	nan	0	0	0
168.005737385	60864.671875	3	8.73574241004	1	1	1
168.948840102	17942.8776042	3	6.92148307585	1	1	1
169.019827456	9225.98779297	2	4.36857757281	1	1	1
169.026155287	16438.8157552	3	9.63547355281	1	1	1
169.057363819	9934.66748047	2	20.4528079176	1	0	0
169.058357688	102871.302083	3	5.76947782909	1	1	1
169.985822659	12566.0113932	3	5.62208288231	1	1	1
170.030818593	14526.4739583	3	3.1938447116	1	1	1
170.031614103	50602.4765625	3	9.41956670281	1	1	1
170.032602909	515716.052083	3	10.8033003906	1	1	1
170.042357445	28388.5800781	3	18.0169212452	1	1	1
170.057776141	15803.5273438	3	33.3491059145	1	0	0
170.081171829	12427.7884115	3	18.5854835916	1	1	1
170.09240162	16122.750651	3	15.0580969556	1	1	1
171.016566661	9070.9921875	1	nan	0	0	0
171.03596263	17413.2932943	3	15.5892549928	1	1	1
171.041791499	9378.26074219	3	4.8315791759	1	1	1
171.06275857	11116.2558594	3	6.10575080665	1	1	1
171.099148928	8911.29296875	3	11.0156904458	1	1	1
172.000696962	8146.18310547	1	nan	0	0	0
172.030740492	33992.2213542	3	23.8328112339	1	0	0
172.133210893	18607.3125	3	16.4000674973	1	1	1
172.984684552	40601.7076823	3	14.0755801814	1	1	1
173.042062459	7845.98242188	1	nan	0	0	0
173.057423029	9346.0139974	3	16.3236320607	1	1	1
173.080839062	74193.9557292	3	7.32525777218	1	1	1
174.895935222	56068.0273438	3	9.35993840281	1	1	1
174.991393016	11369.6178385	3	18.8647128831	1	1	1
175.000588591	9677.23486328	2	12.6194253114	1	1	1
175.001672415	137966.364583	3	3.01766759386	1	1	1
175.057659934	8113.82958984	1	nan	0	0	0
175.11791037	10317.6674805	2	10.0361972975	1	1	1
175.118954415	122309.442708	3	4.72925966166	1	1	1
176.005070097	7772.12890625	1	nan	0	0	0
176.102970587	84802.1796875	3	7.57991039585	1	1	1
176.12228467	8448.67285156	3	2.28682302463	1	1	1
176.894055419	7839.43164062	1	nan	0	0	0
176.999742375	11396.3261719	2	25.9500174724	1	0	0
177.134599561	37551.3326823	3	16.064517911	1	1	1
178.971709822	8439.48844401	3	3.64788165396	1	1	1
179.128477453	43582.422526	3	26.9803362394	1	0	0
179.630192626	8902.37207031	1	nan	0	0	0
179.982310978	9463.3922526	3	15.2752966663	1	1	1
182.081170495	10663.8632812	1	nan	0	0	0
184.073337628	14185.8125	3	20.239351825	1	0	0
184.094412183	11555.3408203	3	8.28658133388	1	1	1
185.03231164	14847.5292969	2	7.09455553093	1	1	1
185.959789727	14652.3177083	3	10.9495754745	1	1	1
186.01621996	8250.46679688	1	nan	0	0	0
187.030446429	7549.35351562	1	nan	0	0	0
187.036645287	11454.5498047	1	nan	0	0	0
187.073019722	9737.67822266	2	10.7181777452	1	1	1
187.125905038	42118.6653646	3	12.1648432697	1	1	1
189.016002858	17602.0582682	3	14.5274531085	1	1	1
189.052383531	8909.41699219	2	12.1600180988	1	1	1
189.123404775	10328.9461263	3	16.4893458012	1	1	1
189.159782556	17499.8125	3	21.3876255368	1	0	0
190.91198368	9944.55436198	3	19.0865149883	1	1	1
191.031645845	19985.9570312	3	12.8296271846	1	1	1
191.040108923	66466.2747396	3	10.3171315176	1	1	1
191.104305195	11476.6500651	3	7.76890432426	1	1	1
191.150232178	8327.91601562	1	nan	0	0	0
192.014618693	23241.9947917	3	15.1554527269	1	1	1
192.024352599	10529.8417969	1	nan	0	0	0
192.040784831	12291.5917969	1	nan	0	0	0
192.109120571	10872.9475911	3	3.36270289367	1	1	1
193.001974913	24781.6386719	3	15.9649976561	1	1	1
193.019245749	8328.24902344	1	nan	0	0	0
193.037545131	9906.62402344	1	nan	0	0	0
193.062596258	13372.508138	3	11.8772368488	1	1	1
194.03267273	17124.5732422	3	22.4670670467	1	0	0
194.115151361	14440.9013672	3	22.1764866169	1	0	0
194.945642318	26325.4641927	3	4.51793790204	1	1	1
194.96661216	14283.7688802	3	12.8039113774	1	1	1
195.078209711	17041.4544271	3	8.6313633197	1	1	1
196.073426514	10147.2661133	2	16.3172654503	1	1	1
196.877866074	12654.7939453	3	2.67756945927	1	1	1
196.969705634	13287.0380859	2	0.158320708321	1	1	1
197.006901801	8287.73632812	1	nan	0	0	0
197.057411584	10405.4960938	2	8.39024749165	1	1	1
198.02807343	7876.32666016	1	nan	0	0	0
198.084917911	24393.3144531	3	4.25086312924	1	1	1
198.097229899	22574.2311198	3	13.0022025767	1	1	1
199.036637839	7476.96435547	1	nan	0	0	0
199.073201338	9248.46875	1	nan	0	0	0
199.084355127	10749.2099609	2	9.28634744323	1	1	1
199.10947766	13227.8069661	3	29.3662867072	1	0	0
199.169279255	13513.6754557	3	22.0788550037	1	0	0
200.065892468	17954.5136719	3	10.442157711	1	1	1
200.067012036	71661.2942708	3	8.39294414927	1	1	1
200.068326816	414481.625	3	7.92537011609	1	1	1
200.100608056	10278.6796875	1	nan	0	0	0
200.200939984	8922.984375	2	0.976750263978	1	1	1
201.015982334	11327.4311523	2	7.39890576919	1	1	1
201.07173183	29463.7070312	3	24.1627969474	1	0	0
201.08874185	16721.2672526	3	19.4380093988	1	1	1
201.93235986	28810.5481771	3	12.5219495105	1	1	1
201.933717878	179213.645833	3	8.94649683142	1	1	1
201.964214493	8628.84472656	1	nan	0	0	0
202.056060467	9879.72851562	2	4.10420564046	1	1	1
202.066497393	32593.5338542	3	11.7597157865	1	1	1
202.17887999	9277.12451172	2	4.49726943547	1	1	1
202.180168166	55950.0546875	3	10.8077231659	1	1	1
203.031666608	13308.7063802	3	2.97815371181	1	1	1
203.038655569	28063.6679688	3	9.36172757337	1	1	1
203.040067585	182748.307292	3	6.2430003781	1	1	1
203.050021606	27555.8391927	3	4.20289955418	1	1	1
203.051213837	117005.768229	3	5.57438811716	1	1	1
203.052559405	713784.354167	3	0.529070243691	1	1	1
203.139035954	37493.3450521	3	19.6548403455	1	1	1
203.150286428	19456.5361328	3	18.8979768063	1	1	1
203.223033621	9799.50878906	2	1.96944661109	1	1	1
203.929455571	10295.2832031	1	nan	0	0	0
203.931850217	25931.2128906	3	10.2433345358	1	1	1
204.040877948	25742.6022135	3	4.66138039427	1	1	1
204.042125684	23169.4003906	3	3.49173143366	1	1	1
204.043428821	13222.0742188	2	5.1454406708	1	1	1
204.055997574	44820.2929688	3	7.38909674311	1	1	1
204.116347714	7863.03027344	1	nan	0	0	0
204.117913638	9944.12532552	3	6.22375646171	1	1	1
204.118398925	8812.13769531	1	nan	0	0	0
204.11889511	15255.9430339	3	9.79651913982	1	1	1
204.121478831	512545.395833	3	2.32506946032	1	1	1
204.122809986	7164472.66667	3	4.89880334367	1	1	1
204.12396379	528853.697917	3	4.41788477198	1	1	1
204.125764304	15309.9316406	3	3.39935272489	1	1	1
204.126215474	12926.9150391	3	20.1290834129	1	0	0
204.126759951	9776.06347656	2	0.797327736383	1	1	1
204.12720667	9994.70019531	3	11.3226935121	1	1	1
204.128190207	7984.68798828	1	nan	0	0	0
205.037633495	21891.0696615	3	8.03295925085	1	1	1
205.055745923	61506.4127604	3	2.22766947171	1	1	1
205.068237529	9716.83984375	2	19.519682526	1	1	1
205.097196819	29432.9596354	3	10.4954026646	1	1	1
205.118443344	8533.12451172	3	13.0955122472	1	1	1
205.120127434	18127.0963542	3	2.06717745317	1	1	1
205.12379047	21013.921875	3	5.4864508129	1	1	1
205.124986848	77538.5416667	3	6.46408047376	1	1	1
205.126369365	526695.854167	3	6.89200432917	1	1	1
205.129338949	10159.8710938	2	11.5744790223	1	1	1
205.15469889	21373.0332031	3	17.5899330657	1	1	1
205.96165641	8738.67285156	1	nan	0	0	0
206.055301277	55166.5143229	3	14.4909381308	1	1	1
206.12588594	7637.27734375	1	nan	0	0	0
206.127309957	39372.0559896	3	5.8929008076	1	1	1
206.129796509	16763.4361979	3	15.4023121244	1	1	1
206.885912435	10480.9287109	1	nan	0	0	0
207.012730633	10665.827474	3	11.7118638537	1	1	1
207.014261529	122076.921875	3	11.6166754108	1	1	1
207.053299684	10637.5013021	3	10.6505269131	1	1	1
207.078214683	35231.7890625	3	5.09499459584	1	1	1
207.988546391	20921.1839193	3	31.2122924766	1	0	0
207.998291166	31813.5722656	3	16.7180321083	1	1	1
209.012376013	8036.83227539	2	7.7854901741	1	1	1
209.057472622	10356.8740234	3	5.81886739441	1	1	1
209.093900676	10825.1565755	3	17.8677365665	1	1	1
209.103358211	12128.6826172	3	23.2890380338	1	0	0
209.546857157	9711.66943359	2	14.4613647634	1	1	1
210.087321023	40269.0208333	3	17.5693538218	1	1	1
210.089119443	31343.3873698	3	18.9156596233	1	1	1
210.110100307	14154.9007161	3	18.6518261124	1	1	1
210.940582408	21124.3320312	3	12.6198248154	1	1	1
210.976887513	10654.2760417	3	25.679180026	1	0	0
210.985265648	40005.3424479	3	7.69107423468	1	1	1
211.036682932	8826.07714844	1	nan	0	0	0
211.073130097	14824.2226562	3	7.62604731008	1	1	1
212.068237808	8179.9375	1	nan	0	0	0
212.102962754	7836.1027832	2	2.14019974716	1	1	1
212.851828526	12540.5328776	3	9.2069681833	1	1	1
212.95757598	10645.6506348	2	26.552471489	1	0	0
213.000839971	9393.58300781	3	8.84887411983	1	1	1
213.024492477	9403.98242188	1	nan	0	0	0
213.052268322	7900.60791016	1	nan	0	0	0
213.063637396	7745.81884766	1	nan	0	0	0
213.074875524	14310.2333984	3	17.0079147407	1	1	1
213.12342652	8396.72851562	1	nan	0	0	0
213.125175423	10050.8503418	2	19.8339313787	1	1	1
214.057384608	13858.0117188	2	6.27525791009	1	1	1
214.058839744	130687.570312	3	4.91132705536	1	1	1
214.252921938	10793.9609375	1	nan	0	0	0
215.051309102	16290.6132812	3	36.053423455	1	0	0
215.062326565	8398.49536133	2	8.11567373795	1	1	1
215.069669272	16712.7828776	3	12.3305800829	1	1	1
215.139053965	14790.5432943	3	7.97232094384	1	1	1
216.057014462	9427.35302734	2	12.9290344715	1	1	1
217.083723784	8825.25976562	2	8.98914537085	1	1	1
217.104647256	8952.85449219	1	nan	0	0	0
217.154702679	13549.8574219	3	11.0024463747	1	1	1
218.135792727	21369.719401	3	8.04382766959	1	1	1
218.137101105	76411.8541667	3	5.51520831925	1	1	1
218.138615074	882416.604167	3	5.84145992837	1	1	1
218.183272865	8215.31347656	1	nan	0	0	0
218.184664834	12575.3909505	3	24.6202284075	1	0	0
218.18632479	157957.1875	3	25.5111196549	1	0	0
219.017641688	37129.765625	3	1.52302456139	1	1	1
219.024891772	10720.7382812	3	19.3095946573	1	1	1
219.026569416	140657.502604	3	11.9438728507	1	1	1
219.133917426	8343.65234375	1	nan	0	0	0
219.140402047	7798.92480469	1	nan	0	0	0
219.142059607	74288.2838542	3	2.78916167968	1	1	1
219.189717429	14298.9397786	3	25.0586729462	1	0	0
221.03324551	8731.43798828	2	0.419231981237	1	1	1
221.050651111	17350.258138	3	17.7541769279	1	1	1
222.029247398	62306.4934896	3	7.95973246635	1	1	1
222.98650915	9252.09960938	1	nan	0	0	0
222.988207408	71523.7682292	3	10.5587725657	1	1	1
223.972227237	16263.7054036	3	12.8866819859	1	1	1
224.986366266	9276.22753906	2	6.45058663374	1	1	1
226.083801443	7437.95800781	3	19.1231477867	1	1	1
226.104764544	17248.1992188	3	6.55761944079	1	1	1
227.113673285	21806.7695312	3	13.4683501805	1	1	1
228.195556647	5579.73583984	2	11.583402167	1	1	1
228.231970477	10440.7213542	3	17.425735763	1	1	1
229.151570913	11389.6184896	3	13.1815458123	1	1	1
229.152787253	46214.5195312	3	12.1663852241	1	1	1
229.154418171	405139.239583	3	9.82910883976	1	1	1
229.156009089	12632.0263672	3	12.4826435334	1	1	1
230.157795447	46829.3098958	3	7.3670350768	1	1	1
231.034747126	7854.1319987	3	22.6443427815	1	0	0
231.144994229	15917.9908854	3	16.4925951059	1	1	1
232.151214559	21316.921224	3	5.89107844537	1	1	1
232.152329756	103427.458333	3	7.24552046559	1	1	1
232.154039568	909142.645833	3	5.26983639629	1	1	1
232.15566631	32992.4902344	2	2.76777592912	1	1	1
232.958414454	8377.71582031	1	nan	0	0	0
233.050387458	6742.61897786	3	16.3920402991	1	1	1
233.078210295	5136.60620117	2	6.39127596855	1	1	1
233.149325722	7387.18440755	3	2.55420656558	1	1	1
233.15566766	8551.02832031	3	10.88030258	1	1	1
233.157447142	98358.0442708	3	2.64157402982	1	1	1
234.158319542	6917.2171224	3	20.3315841653	1	0	0
234.160878915	6041.93212891	1	nan	0	0	0
234.937917653	8829.56233724	3	11.8818474699	1	1	1
235.066006369	26565.9654948	3	14.7525965479	1	1	1
235.164960854	11466.9407552	3	19.8603854161	1	1	1
236.040581297	6403.18489583	3	10.75361193	1	1	1
236.992198958	16567.1650391	3	23.3973573898	1	0	0
237.027949707	10259.2734375	3	5.93524980198	1	1	1
237.06342896	5304.58935547	1	nan	0	0	0
237.081669707	5088.00927734	2	0.922751993404	1	1	1
238.019881331	6462.5999349	3	20.5654780312	1	0	0
238.020755099	6256.20336914	2	15.0668151287	1	1	1
238.022757018	65877.7708333	3	12.9122277078	1	1	1
238.044851295	11546.8193359	3	7.88276305585	1	1	1
238.156465031	9719.02083333	3	8.29432080763	1	1	1
239.023602396	7392.9921875	3	24.4160668502	1	0	0
239.16145164	11756.3684896	3	20.9776802692	1	0	0
240.020307991	7416.09440104	3	25.0892839496	1	0	0
240.038400417	7486.86295573	3	13.9190626986	1	1	1
240.120460536	5199.11230469	1	nan	0	0	0
240.99570128	9270.29980469	3	6.78841989878	1	1	1
241.008240971	6036.31787109	2	9.30838635509	1	1	1
241.067999718	9518.53645833	3	4.25265577058	1	1	1
241.12923882	36476.3007812	3	6.72562463285	1	1	1
241.154393505	19144.4583333	3	5.18519550137	1	1	1
242.076739179	7173.67138672	2	15.1260519645	1	1	1
242.078626193	70880.8125	3	17.6825321397	1	1	1
242.09956161	6847.28336589	3	13.9423130566	1	1	1
242.115015078	16961.5872396	3	8.64377818388	1	1	1
242.132678307	4818.06298828	1	nan	0	0	0
242.247572888	6367.60904948	3	10.8783786232	1	1	1
243.0111963	5397.85131836	2	7.99704689352	1	1	1
243.073818216	7619.07454427	3	15.3046638233	1	1	1
243.081994097	8154.37076823	3	0.831993365211	1	1	1
244.092550642	10620.5426432	3	10.0298882892	1	1	1
244.15406501	6812.22216797	1	nan	0	0	0
244.165323761	5177.29052734	1	nan	0	0	0
244.190429604	14912.8190104	3	1.48757483781	1	1	1
244.263186835	5566.94856771	3	9.36937456747	1	1	1
245.005569835	6289.48510742	2	5.72041917525	1	1	1
245.135425145	37744.8502604	3	8.51983944057	1	1	1
245.145377248	8834.70605469	1	nan	0	0	0
245.145916906	10685.0413411	3	8.40208686045	1	1	1
245.147348511	55441.8815104	3	8.69394877423	1	1	1
245.1492773	543659.854167	3	7.68475286294	1	1	1
245.150938548	14806.2329102	2	3.38059368143	1	1	1
245.226112048	8273.29964193	3	22.1102600855	1	0	0
245.96803119	8233.81608073	3	16.2537786998	1	1	1
246.138783755	4968.46484375	1	nan	0	0	0
246.150646689	6176.88085938	2	21.6350551752	1	0	0
246.152692653	58983.3346354	3	11.0130081647	1	1	1
246.167728888	10573.1285807	3	7.42815068485	1	1	1
246.169723091	106673.054688	3	1.36139996706	1	1	1
246.180934717	20777.3515625	3	7.83023401307	1	1	1
247.029632556	6753.78076172	1	nan	0	0	0
247.128635259	4927.07470703	1	nan	0	0	0
247.15368649	5750.98779297	1	nan	0	0	0
247.1730654	12877.3069661	3	7.64975364266	1	1	1
247.239769248	7494.7257487	3	24.1353817412	1	0	0
247.241754324	76957.3411458	3	10.2420672724	1	1	1
248.146993058	18537.922526	3	11.7978292189	1	1	1
248.148961851	191119.192708	3	7.66592622069	1	1	1
248.198178303	9119.05957031	3	9.4200821154	1	1	1
248.245105194	18261.2347005	3	14.4675874738	1	1	1
248.932429398	9314.56298828	3	9.95454002343	1	1	1
248.940809582	6546.87727865	3	1.85271774038	1	1	1
249.043250036	6180.69514974	3	10.8020301107	1	1	1
249.045270259	55482.3255208	3	8.66131865811	1	1	1
249.150964143	8169.73535156	1	nan	0	0	0
249.15329275	66344.4869792	3	8.40958990461	1	1	1
249.155400415	676913.5625	3	7.23366895266	1	1	1
249.157311691	20083.2978516	2	14.6164434192	1	1	1
250.046080923	6349.82682292	3	15.850891228	1	1	1
250.048621442	5677.95751953	1	nan	0	0	0
250.152457436	9846.91341146	3	15.2916538167	1	1	1
250.156748331	6354.61035156	1	nan	0	0	0
250.158797372	54276.3268229	3	9.34400016489	1	1	1
250.17741301	5470.14876302	3	5.35375478379	1	1	1
250.213842141	32721.3085938	3	9.33045551568	1	1	1
250.911743587	5282.14599609	1	nan	0	0	0
251.042654483	7290.44482422	2	0.319272249482	1	1	1
251.136331332	9302.78385417	3	9.11906876932	1	1	1
251.15960187	6538.29541016	2	11.5211544007	1	1	1
251.217144528	5066.73803711	2	2.51458571116	1	1	1
252.081599582	6043.42724609	1	nan	0	0	0
253.094614689	16620.3938802	3	9.20249416125	1	1	1
253.119667059	6063.05297852	2	0.523232718987	1	1	1
253.993749082	5575.49902344	1	nan	0	0	0
254.000267575	8537.765625	3	31.0996549291	1	0	0
254.018776916	27578.2298177	3	6.98602369367	1	1	1
254.13599364	11436.9560547	3	9.41359914985	1	1	1
254.247556631	37421.2942708	3	8.9417438775	1	1	1
255.062685703	5614.66064453	2	3.41699260577	1	1	1
255.135380146	18408.8815104	3	10.2391408526	1	1	1
255.250890674	6665.49707031	2	0.0188704981299	1	1	1
256.094289699	8025.10563151	3	2.23852228425	1	1	1
256.263214688	40361.4947917	3	23.1767353615	1	0	0
256.982028858	5401.52783203	2	0.0335914796965	1	1	1
257.041901037	21960.1217448	3	6.04242831503	1	1	1
257.09113738	13321.4134115	3	15.2597288926	1	1	1
257.146906619	6319.13834635	3	20.0110039131	1	0	0
257.266515509	7388.56787109	3	24.7949249252	1	0	0
258.073583354	9771.31575521	3	5.29734852829	1	1	1
258.109844309	27697.6634115	3	20.1956591877	1	0	0
259.077211729	9918.22981771	3	4.04113052317	1	1	1
259.998660458	6401.97347005	3	9.10177631064	1	1	1
260.135001067	5329.31738281	1	nan	0	0	0
260.183190165	10054.7841797	3	13.2628262317	1	1	1
260.18534177	93967.6223958	3	1.98910890317	1	1	1
260.196602376	21596.8424479	3	3.17395055148	1	1	1
261.052018292	5093.60400391	1	nan	0	0	0
261.144233553	5914.00415039	2	2.12755153917	1	1	1
261.188700587	9592.75634766	3	10.8983647341	1	1	1
262.12614759	5024.38598633	2	0.208081823586	1	1	1
262.128219348	46132.7018229	3	9.2260277622	1	1	1
262.162415427	5500.28051758	2	7.89717800703	1	1	1
262.164606298	50480.5052083	3	3.74087802431	1	1	1
262.990138872	10178.2184245	3	8.33822902747	1	1	1
263.060870562	5138.86352539	2	4.27795238538	1	1	1
263.131455515	5701.72802734	1	nan	0	0	0
263.14374414	8413.15071615	3	11.9196252359	1	1	1
263.145944385	74167.9648438	3	16.5805380547	1	1	1
263.167859176	5814.37304688	2	5.10019620693	1	1	1
263.236693957	18265.1604818	3	16.8121916304	1	1	1
264.149305195	6982.8671875	3	7.92015922189	1	1	1
264.172150518	12291.3141276	3	12.9871247654	1	1	1
264.22942677	7763.2586263	3	23.8270103573	1	0	0
265.022738976	8107.08463542	3	37.6511403332	1	0	0
265.104354993	14388.0061849	3	11.1747502411	1	1	1
265.111450991	9483.26106771	3	6.56473584412	1	1	1
265.25004521	11610.8854167	3	4.18674717402	1	1	1
265.252271592	124976.778646	3	4.75472229977	1	1	1
266.172320681	6120.59960938	2	17.1320227829	1	1	1
266.185495126	5516.46484375	2	0.347220501128	1	1	1
266.187766306	49047.7408854	3	12.8267260597	1	1	1
266.255660217	19374.6132812	3	5.29916009007	1	1	1
267.058413434	6281.64697266	2	0.272199836873	1	1	1
267.110214692	18842.0045573	3	5.53313458621	1	1	1
267.191127336	6524.69726562	2	2.84367988817	1	1	1
268.055420438	6973.70865885	3	6.25109153472	1	1	1
268.103805468	6395.20141602	2	10.5471650898	1	1	1
268.263188134	5723.83691406	2	0.400668189788	1	1	1
269.087739142	19085.5192057	3	17.0338273101	1	1	1
270.10988605	14737.1780599	3	22.768169013	1	0	0
270.278795079	15786.6611328	3	23.5446812017	1	0	0
270.935322206	5815.78662109	1	nan	0	0	0
271.137393808	16049.7272135	3	4.84459758652	1	1	1
273.005696481	6441.02514648	2	12.9464489618	1	1	1
273.120786092	6354.46118164	2	0.900038969761	1	1	1
274.200934187	5530.55924479	3	10.136112574	1	1	1
274.212157446	5388.65087891	1	nan	0	0	0
274.273650609	5510.10888672	2	4.18951212097	1	1	1
276.180187259	17540.4498698	3	13.988494482	1	1	1
276.22943501	40814.7734375	3	11.727570488	1	1	1
277.104412746	5445.74886068	3	14.3890396741	1	1	1
277.232833936	5937.38964844	3	13.6832030906	1	1	1
278.245104654	22015.8235677	3	4.45576072333	1	1	1
279.248490935	6112.67382812	1	nan	0	0	0
280.091723986	16371.3655599	3	9.53997308849	1	1	1
280.263144453	6263.9753418	2	10.3202241956	1	1	1
282.278769537	25886.0852865	3	7.51940739322	1	1	1
284.294390185	6144.94848633	2	9.75627886679	1	1	1
292.20340701	10351.0768229	3	9.60750065384	1	1	1
292.26059579	5621.69775391	2	11.1098555515	1	1	1
293.071353027	46036.4309896	3	8.48641446292	1	1	1
294.060118216	10233.2314453	3	8.96077213117	1	1	1
294.072247046	6268.69677734	2	4.56834947891	1	1	1
294.074772709	7241.91015625	1	nan	0	0	0
295.222608479	9263.77050781	1	nan	0	0	0
296.020076159	5998.10595703	1	nan	0	0	0
296.062999299	7474.64404297	1	nan	0	0	0
296.065805721	141475.432292	3	13.1908002351	1	1	1
296.258303973	9812.74023438	3	18.0525946511	1	1	1
297.069184792	12653.7822266	3	21.9692936247	1	0	0
297.973318492	8217.015625	2	15.5481479932	1	1	1
298.063904513	9846.47444661	3	26.3669006185	1	0	0
298.177682302	6861.859375	3	15.3390947209	1	1	1
298.992733427	29287.1510417	3	10.9447632885	1	1	1
299.305545792	10275.9560547	3	13.3704847736	1	1	1
300.229598104	8918.45133464	3	10.4452519553	1	1	1
301.016808809	9361.64111328	3	33.4867038112	1	0	0
301.140881425	13101.0914714	3	8.48842963957	1	1	1
302.242204056	5779.1796875	1	nan	0	0	0
302.24521312	91584.6510417	3	0.588302102143	1	1	1
303.248636168	17030.351237	3	7.96362401198	1	1	1
304.211543875	7226.60270182	3	10.5162001879	1	1	1
304.255936288	24515.6679688	3	7.74203191867	1	1	1
304.258176002	66482.1074219	2	6.39704838347	1	1	1
304.260701465	870205.0625	3	2.74501988725	1	1	1
304.284406373	19987.3678385	3	5.00828643581	1	1	1
304.990965764	6156.81933594	1	nan	0	0	0
305.000679559	8655.07942708	3	15.3278058183	1	1	1
305.261145761	10520.2151693	3	13.6346055471	1	1	1
305.264256121	140395.635417	3	0.906864743182	1	1	1
305.918384886	7707.19645182	3	13.5936032526	1	1	1
306.182762135	7506.3671875	1	nan	0	0	0
306.219243007	18694.1383464	3	14.247799218	1	1	1
306.24014803	12994.2473958	3	16.3743137578	1	1	1
306.267624345	12881.7561849	3	7.2279192196	1	1	1
306.27656191	11197.3417969	3	4.03835563212	1	1	1
307.038715947	19534.7057292	3	4.29331898334	1	1	1
307.040634714	42887.6484375	3	2.93431842118	1	1	1
307.043579323	632021.041667	3	0.926041867123	1	1	1
307.082923294	7580.81738281	1	nan	0	0	0
308.040750628	7409.40283203	2	3.92034456324	1	1	1
308.044093038	6095.47314453	1	nan	0	0	0
308.047075245	58879.6015625	3	2.81218531634	1	1	1
308.08790629	8645.54475911	3	21.3120949002	1	0	0
308.09088146	112375.78125	3	17.619455053	1	1	1
308.19846249	10040.641276	3	8.71813632536	1	1	1
308.234849466	13510.101237	3	5.61664830666	1	1	1
309.041810376	45182.3932292	3	4.76726938288	1	1	1
309.049024024	6157.86669922	1	nan	0	0	0
309.094309262	11506.0423177	3	11.070014534	1	1	1
309.203411745	7428.59765625	3	8.72553350928	1	1	1
310.046826503	26144.6653646	3	2.77045638222	1	1	1
310.086492255	6647.02880859	1	nan	0	0	0
310.97435751	13401.1057943	3	22.8631076672	1	0	0
311.030799783	14743.578125	3	12.8188391348	1	1	1
313.01974977	5821.68408203	1	nan	0	0	0
313.947149233	18383.9173177	3	1.24311919138	1	1	1
315.032285456	6445.23095703	1	nan	0	0	0
315.066118685	12701.3033854	3	7.90857377097	1	1	1
315.127354443	11268.8688151	3	4.36544235929	1	1	1
316.054730097	9537.1936849	3	12.8781294016	1	1	1
316.101621693	11332.7578125	3	3.67264508926	1	1	1
316.111400526	6026.51123047	1	nan	0	0	0
316.203565735	37027.3346354	3	0.411823093254	1	1	1
316.222660635	7427.02319336	2	0.20608402323	1	1	1
316.320808555	57846.9700521	3	9.03656790798	1	1	1
317.028991477	8454.11832682	3	11.5152433328	1	1	1
317.114810497	47022.5143229	3	10.1728995965	1	1	1
317.20688987	6224.96695964	3	5.2405584226	1	1	1
317.324162568	10057.8095703	3	21.309173509	1	0	0
318.11806415	7186.72265625	3	9.52924275107	1	1	1
318.213571385	8143.28092448	3	2.74099441191	1	1	1
318.215968535	21532.655599	3	1.59246731893	1	1	1
318.219103731	303714.666667	3	1.49767849811	1	1	1
318.240097096	45596.7695312	3	4.20584081755	1	1	1
319.027552347	7303.14355469	3	11.9924181447	1	1	1
319.222561262	54085.4075521	3	3.20821815243	1	1	1
319.243347907	8084.67057292	3	16.6538818571	1	1	1
320.217363839	20403.4492188	3	10.8139996061	1	1	1
320.224874181	7404.52539062	3	3.85723033442	1	1	1
320.227863874	43999.9739583	3	1.40290894087	1	1	1
320.228804317	42760.4765625	1	nan	0	0	0
320.234497488	2744200.91667	3	2.87562016233	1	1	1
320.241653848	6923.89046224	3	3.24439637919	1	1	1
320.242702927	6333.22265625	1	nan	0	0	0
320.255667711	45600.3125	3	9.27905373901	1	1	1
320.964932585	13999.5055339	3	13.03734703	1	1	1
320.974583759	89577.3541667	3	5.87241056161	1	1	1
321.066406388	10069.8382161	3	20.4033143029	1	0	0
321.130769895	8625.81217448	3	16.0431699963	1	1	1
321.201795186	24454.7545573	3	24.7881266129	1	0	0
321.232377312	16156.0139974	3	3.14544063145	1	1	1
321.234791273	30070.5813802	3	5.21681727068	1	1	1
321.23804904	449359.125	3	2.35863285848	1	1	1
321.259158432	9239.31608073	3	6.52094861957	1	1	1
321.892361624	22457.6236979	3	22.0486624766	1	0	0
321.948855549	7361.11914062	2	2.73635388428	1	1	1
321.97801403	5866.87060547	1	nan	0	0	0
322.054643252	7928.02832031	3	6.59872239899	1	1	1
322.214002143	6272.08447266	1	nan	0	0	0
322.229625016	11484.5315755	3	4.54545977243	1	1	1
322.232901926	150808.296875	3	3.15056964126	1	1	1
322.241484892	38189.9544271	3	8.51852119462	1	1	1
322.250463925	32111.0403646	3	7.71787501081	1	1	1
323.011321344	6325.65454102	2	9.83580356853	1	1	1
323.236214295	25117.6835938	3	3.95850477678	1	1	1
323.253839066	5744.62158203	1	nan	0	0	0
324.193303403	8406.43261719	3	15.8148871322	1	1	1
324.214327651	9881.01692708	3	9.28711849167	1	1	1
325.177350505	15009.4912109	3	4.87436444799	1	1	1
326.948135691	13934.4407552	3	14.5160188563	1	1	1
326.972749866	6801.09375	1	nan	0	0	0
327.007881181	7828.73828125	2	15.5833225641	1	1	1
328.05450677	17490.3417969	3	4.19364497814	1	1	1
328.067061924	30859.8515625	3	2.41084234091	1	1	1
329.005007353	5980.84277344	3	4.92795841288	1	1	1
329.025720448	16068.0185547	3	7.42635252268	1	1	1
329.921049098	8283.25830078	3	1.86997337361	1	1	1
330.072810042	40755.9674479	3	1.62664172714	1	1	1
331.039972386	34998.15625	3	8.80381677233	1	1	1
331.10124855	7136.54760742	2	10.3620472015	1	1	1
332.016227132	5747.57617188	1	nan	0	0	0
332.028743758	21546.5872396	3	2.90533230336	1	1	1
332.198505838	7688.64046224	3	2.50423081948	1	1	1
332.219456942	6313.78564453	1	nan	0	0	0
332.29215913	11315.8076172	3	22.2005120532	1	0	0
332.315706354	13375.2174479	3	5.50165634985	1	1	1
332.956031578	5583.02685547	1	nan	0	0	0
333.002903179	6928.25195312	1	nan	0	0	0
333.012648608	7738.734375	2	17.9722439272	1	1	1
334.210500976	8471.20922852	2	4.99878768484	1	1	1
334.214041338	112048.786458	3	6.94750675083	1	1	1
334.235072737	8065.11490885	3	9.51572473457	1	1	1
334.250376185	7220.52636719	2	17.0969021557	1	1	1
334.271370755	15620.4306641	1	nan	0	0	0
335.001655603	7877.2796224	3	24.2454600537	1	0	0
335.217458689	22238.9895833	3	10.3709541694	1	1	1
336.212195411	8442.87255859	3	4.84950295699	1	1	1
336.225994644	7270.78930664	2	5.85943398498	1	1	1
336.229711999	93655.3671875	3	4.81096210395	1	1	1
336.250725592	25464.7923177	3	8.73441720727	1	1	1
336.948537617	67496.2083333	3	3.54656809572	1	1	1
337.062807521	7791.47412109	2	23.9986691683	1	0	0
337.233062864	16615.4863281	3	4.1716828534	1	1	1
337.866308132	7677.14485677	3	13.1867309731	1	1	1
338.227862152	5749.31982422	1	nan	0	0	0
338.337838879	7701.12207031	1	nan	0	0	0
338.341498317	78891.8359375	3	36.7695732582	1	0	0
338.946655087	7834.26139323	3	11.4506631216	1	1	1
338.985135756	15866.2652995	3	12.0698281206	1	1	1
339.090773861	5725.33056641	1	nan	0	0	0
339.344896877	16444.0458984	3	22.4373146287	1	0	0
340.18824148	28331.9563802	3	11.9144933334	1	1	1
340.357103659	7445.96411133	2	11.6227072073	1	1	1
341.3272964	12134.7815755	3	25.6219286139	1	0	0
343.23380939	14442.7825521	3	14.9620931574	1	1	1
344.999582914	11322.5224609	3	18.103298331	1	1	1
346.046727261	48585.9296875	3	4.48959828359	1	1	1
346.233463232	6138.83007812	1	nan	0	0	0
347.110100247	22476.6796875	1	nan	0	0	0
348.070206378	30258.7545573	3	6.20727272049	1	1	1
348.193297601	7937.35546875	3	15.3349514282	1	1	1
348.266163874	15959.0348307	3	27.0878933035	1	0	0
348.930065978	6116.14990234	3	4.97449826048	1	1	1
350.208914301	12393.3727214	3	7.11722803953	1	1	1
350.230042507	6444.36376953	3	9.01340082753	1	1	1
350.253776132	20470.7252604	3	7.05794899807	1	1	1
352.224644414	50680.5195312	3	7.15463616477	1	1	1
352.245556806	14598.241862	3	6.86553185691	1	1	1
353.227911295	10934.8489583	3	24.4859033751	1	0	0
357.249392473	59011.2070312	3	12.203730784	1	1	1
358.252663012	9635.34358724	3	20.9156778407	1	0	0
360.323422008	79345.3098958	3	36.2503194451	1	0	0
361.326758679	18516.9222005	3	32.6415736421	1	0	0
362.302734417	5759.04296875	1	nan	0	0	0
365.105193075	8508.74674479	3	4.8554808307	1	1	1
366.023036361	5419.3449707	2	2.6948138669	1	1	1
366.203872735	36181.1822917	3	6.81885919367	1	1	1
366.231272537	5654.44970703	1	nan	0	0	0
366.960688658	8355.59016927	3	3.75196352627	1	1	1
367.207254252	7463.80338542	3	6.9681299332	1	1	1
368.028709404	9037.14957682	3	7.54657297763	1	1	1
368.212357215	10936.3616536	3	5.58995113525	1	1	1
368.215251934	21347.5009766	2	8.36091625735	1	1	1
368.219278363	380130.395833	3	1.61693261761	1	1	1
369.218479685	5675.08251953	2	1.1344996102	1	1	1
369.222936693	70181.1822917	3	1.8301081697	1	1	1
369.310916982	5791.36848958	3	4.33615748874	1	1	1
369.98469976	10164.0117188	3	6.62705075003	1	1	1
370.052153243	44092.4427083	3	6.28862162324	1	1	1
370.217705899	29636.5996094	3	3.80509171496	1	1	1
370.226460507	6600.84765625	2	10.4208991269	1	1	1
370.378869716	5338.7175293	2	19.6411807227	1	1	1
370.968497148	4386.01977539	2	0.487416266294	1	1	1
371.055422994	5206.34912109	2	10.2553569705	1	1	1
371.221077767	5557.39868164	2	3.00752906952	1	1	1
371.326627994	52171.9973958	3	4.63417336772	1	1	1
372.206359945	9268.63671875	1	nan	0	0	0
372.329962744	11326.8492839	3	7.56753064708	1	1	1
373.037953557	10176.9270833	3	7.76828457531	1	1	1
373.244302287	75332.5494792	3	5.51032013827	1	1	1
374.191919688	5689.60091146	3	12.1444469107	1	1	1
374.247768678	14732.9345703	3	7.61497113836	1	1	1
374.281709749	6810.80419922	1	nan	0	0	0
375.003665377	5246.11279297	1	nan	0	0	0
375.053281312	4945.64355469	1	nan	0	0	0
376.289681306	10006.7327474	3	29.5508706885	1	0	0
376.297129576	519781.770833	3	39.9708804851	1	0	0
377.296188585	7558.4699707	2	40.4809310023	1	0	0
377.300649245	105595.575521	3	37.0317047033	1	0	0
378.276784046	6194.45979818	3	23.0899003731	1	0	0
378.295519673	29823.9303385	3	32.8482985414	1	0	0
378.304201675	9358.11474609	3	41.6640140982	1	0	0
378.313078208	23704.2740885	3	27.9907991273	1	0	0
379.130443245	8743.16992188	1	nan	0	0	0
379.199089995	4552.42089844	2	5.33656435803	1	1	1
379.298845225	7899.66292318	3	42.1853108961	1	0	0
379.316409523	5801.0065918	2	9.24009980589	1	1	1
380.219450376	5198.58398438	1	nan	0	0	0
380.277063432	5031.34765625	3	5.11327868053	1	1	1
381.079091532	28199.7421875	3	11.7012388933	1	1	1
381.088778701	11101.8115234	3	20.0120515486	1	0	0
381.996749512	9847.69661458	3	25.3683316927	1	0	0
382.198869097	8154.36914062	3	12.1759963945	1	1	1
382.235291529	4779.21435547	2	8.73889220196	1	1	1
383.103134745	9784.50634766	3	13.0736526002	1	1	1
383.115715674	24941.3528646	3	7.11801358286	1	1	1
384.002615147	11719.4869792	3	6.53071059503	1	1	1
384.214447281	11351.9235026	3	3.18614598831	1	1	1
385.118753792	5865.93725586	2	3.05185288526	1	1	1
385.128502607	5302.48942057	3	6.53495215468	1	1	1
385.317065749	14419.6985677	3	10.1644420234	1	1	1
385.958592856	5659.48567708	3	8.82507418131	1	1	1
386.025896862	117447.236979	3	9.04629436449	1	1	1
386.221935573	37219.6289062	1	nan	0	0	0
386.326163721	13962.8590495	3	12.3231697446	1	1	1
387.029325981	11076.5325521	3	13.1996086272	1	1	1
387.077200061	5722.41943359	2	11.3486692922	1	1	1
387.179883271	13026.5625	3	17.6278563789	1	1	1
387.225439993	6786.54541016	1	nan	0	0	0
387.321334365	5724.38102214	3	7.98947681194	1	1	1
387.332711207	12638.796224	3	10.6028838731	1	1	1
388.024114346	6064.26708984	3	21.2186252083	1	0	0
388.219159236	10161.3681641	1	nan	0	0	0
388.222190175	4699.25610352	2	4.46182550606	1	1	1
389.179372053	8437.35042318	3	14.315878509	1	1	1
389.311992691	11758.8727214	3	10.4886457334	1	1	1
390.010368938	4362.28955078	1	nan	0	0	0
390.276671326	6725.93945312	1	nan	0	0	0
390.977772556	6272.31884766	2	13.0359406398	1	1	1
391.136211705	41414.0429688	1	nan	0	0	0
391.284029041	5985.1414388	3	7.90449171745	1	1	1
392.033812985	5098.82373047	2	3.69242063432	1	1	1
392.139285212	4902.11230469	1	nan	0	0	0
392.292238674	7196.34586589	3	29.4805933672	1	0	0
393.082956398	6174.49576823	3	9.01847676393	1	1	1
393.308423157	9571.42936198	3	1.1354447985	1	1	1
393.322251974	5087.37646484	1	nan	0	0	0
393.358550414	16403.8795573	3	11.5139437806	1	1	1
394.102454241	5654.75976562	2	20.9835326089	1	0	0
394.279911496	20123.0188802	3	24.7761287979	1	0	0
394.36185502	5015.34960938	1	nan	0	0	0
395.125294799	14314.3144531	3	13.8458600588	1	1	1
395.283622243	5847.73681641	1	nan	0	0	0
395.324012372	4918.38330078	1	nan	0	0	0
395.33785813	28134.4322917	3	2.65723431325	1	1	1
396.250800706	19135.9003906	3	3.44014621641	1	1	1
396.308114848	12926.0026042	3	4.98255793818	1	1	1
396.341160187	7216.10758464	3	9.40632338699	1	1	1
397.279520841	5141.11523438	2	3.19371138999	1	1	1
397.342121498	7003.46858724	3	10.0385841167	1	1	1
397.389807389	9669.77807617	2	18.5784852234	1	1	1
398.032964326	6036.59594727	2	23.3911877899	1	0	0
398.922799147	5512.98413086	2	5.62837208307	1	1	1
399.089621098	7917.75472005	3	4.70675574766	1	1	1
399.144186697	18865.5449219	3	10.5165111714	1	1	1
399.332740711	4913.22607422	1	nan	0	0	0
399.357877928	9056.34960938	3	6.60228243427	1	1	1
400.147371118	4241.24658203	1	nan	0	0	0
400.157251237	26916.7871094	3	3.43882902089	1	1	1
402.225063574	4455.9296875	1	nan	0	0	0
403.051132676	4616.79980469	1	nan	0	0	0
403.083395518	4911.28076172	2	2.11188706485	1	1	1
404.035168986	4300.79931641	1	nan	0	0	0
404.206510673	13825.0406901	3	14.1783283545	1	1	1
404.329272335	4998.41064453	1	nan	0	0	0
405.106327427	7776.48128255	3	10.7574270125	1	1	1
405.984647826	4582.73095703	1	nan	0	0	0
406.316241461	7069.73217773	2	33.7597771751	1	0	0
408.007943011	17901.2333984	3	10.8123286467	1	1	1
408.020719109	5437.57307943	3	11.3496525302	1	1	1
408.079426174	6147.64746094	3	7.11085789125	1	1	1
408.287213946	7692.14550781	1	nan	0	0	0
408.302590803	5072.16015625	1	nan	0	0	0
408.308085413	105471.705729	3	7.1800800808	1	1	1
408.951082325	7513.33365885	3	11.8876763952	1	1	1
409.056774458	14676.4658203	3	3.32251096555	1	1	1
409.156513087	4922.37988281	1	nan	0	0	0
409.161855338	80691.5755208	3	5.07743887983	1	1	1
409.18288138	5436.73144531	1	nan	0	0	0
409.311461049	21082.0292969	3	8.15863150053	1	1	1
410.16523856	16325.7643229	3	6.99524877589	1	1	1
410.25733205	5330.09082031	1	nan	0	0	0
410.993595069	5658.77929688	3	13.2183011667	1	1	1
411.332678978	13375.3909505	3	20.420616854	1	0	0
413.266000825	8254.15983073	3	12.6430104675	1	1	1
413.348394347	20358.3717448	3	18.6368723282	1	1	1
413.373523623	10786.6471354	3	9.1480486533	1	1	1
414.007024313	5669.23958333	3	2.38412456717	1	1	1
414.18858363	12317.5097656	3	16.7034086455	1	1	1
415.156955717	19459.3678385	3	4.1159019803	1	1	1
416.084388041	17257.132487	3	9.88423635585	1	1	1
416.1409676	5314.60546875	3	12.1843839369	1	1	1
416.274306471	4651.45410156	3	4.97468892407	1	1	1
417.319749577	7179.65950521	3	1.12145913865	1	1	1
418.086230276	4348.30957031	1	nan	0	0	0
418.317273953	5252.80395508	2	5.10819533001	1	1	1
419.057302677	11833.0579427	3	2.88568166265	1	1	1
419.087121551	6056.45532227	2	24.7706264473	1	0	0
419.311355687	8487.98339844	3	16.0535431223	1	1	1
419.323968103	4612.81884766	1	nan	0	0	0
421.05851951	4642.94921875	1	nan	0	0	0
421.339681267	4853.0625	1	nan	0	0	0
422.139097365	4687.42480469	1	nan	0	0	0
422.266380829	8680.26855469	2	0.470884318613	1	1	1
423.98184594	14317.6435547	3	9.18615902718	1	1	1
424.272458944	6404.42317708	3	9.15784749827	1	1	1
424.276414869	15194.866862	3	10.5436765026	1	1	1
424.281841599	285260.619792	3	7.33383256369	1	1	1
425.124014151	13387.765625	1	nan	0	0	0
425.125731414	15341.9567057	3	5.89656712545	1	1	1
425.135334801	1007852.52083	3	6.57029309617	1	1	1
425.285397499	54663.6770833	3	7.53048930826	1	1	1
425.960549274	4840.46875	1	nan	0	0	0
426.129138945	4534.8034668	2	5.44923418085	1	1	1
426.133610283	12973.1484375	1	nan	0	0	0
426.138943073	212945.385417	3	6.19512637453	1	1	1
426.280240522	13642.0120443	3	3.14288342621	1	1	1
426.289041905	5151.76057943	3	13.2184354965	1	1	1
427.002541968	6307.38720703	3	9.72548940837	1	1	1
427.133932705	58508.7838542	3	9.22579146763	1	1	1
427.143003823	18620.4977214	3	12.3165037348	1	1	1
428.137250864	14746.5768229	3	6.37390372285	1	1	1
429.239841663	13710.6197917	3	13.905269404	1	1	1
430.243050587	4568.14990234	1	nan	0	0	0
435.030660416	4120.41650391	1	nan	0	0	0
435.061214503	8664.98144531	3	13.0046870505	1	1	1
435.162215466	55398.9882812	1	nan	0	0	0
435.198459201	5100.08300781	1	nan	0	0	0
435.330043463	8970.75797526	3	9.21252609547	1	1	1
435.988585026	5663.67757161	3	24.5620468444	1	0	0
436.045112088	4063.01074219	1	nan	0	0	0
436.165491444	7629.27246094	1	nan	0	0	0
437.138709237	13056.4166667	3	10.5371863997	1	1	1
438.066026583	6698.49934896	3	5.59710480817	1	1	1
438.113212876	5521.5929362	3	16.3903537942	1	1	1
440.193306827	4271.82967122	3	12.9948562802	1	1	1
440.285132886	5035.86572266	3	4.50435689462	1	1	1
440.299056364	6725.04003906	3	9.7473573606	1	1	1
440.933161808	4180.19384766	1	nan	0	0	0
441.038921134	4433.62548828	2	3.20379865122	1	1	1
441.069187068	4001.70214844	1	nan	0	0	0
441.933936763	3765.98217773	1	nan	0	0	0
442.976303008	7733.390625	3	12.250634792	1	1	1
443.053212999	3828.44970703	1	nan	0	0	0
443.061923538	5123.60481771	3	5.97278745658	1	1	1
443.081935159	12668.5273438	3	8.5194266519	1	1	1
443.199380341	4627.96826172	2	8.00748759321	1	1	1
443.234019168	4066.74853516	1	nan	0	0	0
443.322339503	9408.44596354	3	15.6665740196	1	1	1
445.061609534	7433.0094401	3	18.67172841	1	1	1
445.119456497	4977.10986328	2	10.1259074625	1	1	1
445.249183473	31987.764974	3	8.34637716161	1	1	1
445.337947672	11784.2552083	3	9.43878475652	1	1	1
445.374310831	11309.6731771	3	9.96151825454	1	1	1
445.979994107	5320.78540039	2	16.3030341879	1	1	1
445.989011317	25833.7063802	3	3.10615102544	1	1	1
446.227901153	5034.70328776	3	20.4428714429	1	0	0
446.252602957	7944.74804688	3	8.23150457978	1	1	1
446.906611116	4591.81665039	2	3.52910538826	1	1	1
447.342294947	7009.82796224	3	9.65752105418	1	1	1
448.222130436	3886.87084961	2	7.56366757758	1	1	1
448.961889406	9932.26139323	3	1.69991433606	1	1	1
450.005565335	11596.4436849	3	10.2807263931	1	1	1
450.329710477	8873.64192708	3	9.95385031169	1	1	1
450.342372226	4988.32312012	2	21.8851554765	1	0	0
451.069286092	4453.17431641	1	nan	0	0	0
451.31354743	4821.52270508	2	4.08317765845	1	1	1
451.400074788	5475.34155273	2	5.62066730373	1	1	1
451.962478598	4684.44091797	3	8.12390504715	1	1	1
451.98724408	4805.73144531	2	9.12265200915	1	1	1
452.043717882	5533.73714193	3	18.0918499198	1	1	1
452.313106345	7885.33251953	3	2.45937490642	1	1	1
453.068984807	8056.92757161	3	8.96093171135	1	1	1
453.081464617	6770.83007812	3	16.0485763391	1	1	1
453.112616164	17243.4475911	3	5.18675827589	1	1	1
453.130229227	4819.04199219	3	5.55308538784	1	1	1
453.209227436	8886.109375	2	27.2700897292	1	0	0
453.308043905	3712.03735352	1	nan	0	0	0
453.329532998	4705.55761719	1	nan	0	0	0
454.039982724	24200.4329427	3	3.07494115472	1	1	1
454.257401031	3754.00805664	1	nan	0	0	0
455.042982275	4314.44189453	1	nan	0	0	0
455.074582622	5292.51000977	3	18.5906298727	1	1	1
455.087280318	4201.02441406	2	15.8030883929	1	1	1
456.041600557	4465.60229492	2	6.29695622031	1	1	1
456.115994793	4230.08398438	2	3.18168365267	1	1	1
456.273032883	17204.6910807	3	10.9068653693	1	1	1
456.907126076	8445.14778646	3	2.67118346474	1	1	1
457.013081291	7412.59342448	3	12.7314811784	1	1	1
457.043026992	10644.1451823	3	5.11591421004	1	1	1
457.276227841	4789.70458984	1	nan	0	0	0
459.31718819	11646.8942057	3	6.29549645486	1	1	1
460.070705083	8148.57014974	3	9.08253874783	1	1	1
460.094952538	4711.62792969	1	nan	0	0	0
461.332766409	70414.1770833	3	7.1648017856	1	1	1
461.357984919	4358.65576172	1	nan	0	0	0
461.962876665	23550.1210938	3	3.04133184489	1	1	1
462.336287684	16258.6080729	3	12.6552851876	1	1	1
463.069343215	8279.04589844	3	2.35813849595	1	1	1
463.987124662	4011.72717285	2	0.621228612927	1	1	1
464.935872676	4120.83984375	1	nan	0	0	0
464.958451572	3760.48706055	1	nan	0	0	0
465.148747487	4268.00585938	1	nan	0	0	0
465.365617704	4877.74007161	3	6.4381530342	1	1	1
465.992068135	4037.65100098	2	0.600877899878	1	1	1
467.043437478	10576.4645182	3	11.2670393209	1	1	1
467.101449527	10409.1871745	3	5.54077145628	1	1	1
467.230992696	5435.78385417	3	11.1765997315	1	1	1
467.961571752	5090.32348633	2	0.427775298424	1	1	1
467.970852772	8763.37597656	3	16.0054366014	1	1	1
468.016632609	4682.15429688	1	nan	0	0	0
468.017970771	4020.65161133	1	nan	0	0	0
468.02749663	5219.0715332	2	8.40011400869	1	1	1
468.100722314	5197.25927734	1	nan	0	0	0
469.055348728	7764.59407552	3	12.4025577264	1	1	1
469.095543668	4038.19555664	1	nan	0	0	0
469.303357414	4848.20727539	2	8.46907661634	1	1	1
469.324245649	17832.3483073	3	21.5855845564	1	0	0
469.410686613	52315.5885417	3	33.231421796	1	0	0
469.435576418	4238.31494141	1	nan	0	0	0
470.013887524	12163.4156901	3	14.6383463859	1	1	1
470.2510567	5055.77880859	3	21.2572331768	1	0	0
470.327862601	4469.17333984	2	6.38421819087	1	1	1
470.414045867	14757.2757161	3	34.4154970341	1	0	0
471.061289607	9366.90494792	3	2.44579428523	1	1	1
471.132783846	25332.4440104	3	7.73000570206	1	1	1
471.426171263	4055.45800781	1	nan	0	0	0
472.13618212	4442.33129883	2	3.82323074861	1	1	1
472.880878305	4702.88256836	2	20.3213600037	1	0	0
473.01723357	5014.484375	3	11.4710388244	1	1	1
473.13480428	8379.86376953	3	9.33572233128	1	1	1
473.394537335	3555.3581543	1	nan	0	0	0
474.123129052	3797.02709961	1	nan	0	0	0
474.426063556	4892.22916667	3	2.86056561092	1	1	1
475.09453245	6776.46305339	3	11.7098578765	1	1	1
475.27978721	5907.43041992	3	23.0167641284	1	0	0
475.373703822	11819.0585938	3	4.10377890621	1	1	1
476.021400704	3639.68945312	1	nan	0	0	0
476.227403932	24493.8417969	3	5.89899886585	1	1	1
476.332518469	13358.0849609	3	6.51535101102	1	1	1
477.23078199	5700.69759115	3	10.969177542	1	1	1
477.316400106	5141.73811849	3	8.73510455936	1	1	1
477.335565155	4331.06738281	1	nan	0	0	0
477.40218015	16520.5338542	3	51.8252291141	1	0	0
478.405519117	6375.56005859	1	nan	0	0	0
479.139142173	3979.39086914	1	nan	0	0	0
479.188361867	75275.8359375	1	nan	0	0	0
480.191744638	13906.1611328	1	nan	0	0	0
480.233036763	4549.71105957	2	11.4553199783	1	1	1
481.186368953	5160.421875	1	nan	0	0	0
481.278103202	7974.17561849	3	16.1698956677	1	1	1
481.997876066	3537.69848633	1	nan	0	0	0
483.017466095	7107.57210286	3	0.90561858784	1	1	1
483.075366788	22386.1679688	3	3.50791937018	1	1	1
483.31493918	5039.77075195	2	8.25326343424	1	1	1
483.944829094	13469.2376302	3	6.86553301008	1	1	1
484.0019071	4324.94718424	3	11.0571757103	1	1	1
484.074429221	4963.9983724	3	8.71628498678	1	1	1
484.311511238	8280.31119792	3	9.47025818952	1	1	1
484.323943723	18967.921875	3	5.92159498334	1	1	1
485.06383142	4484.45084635	3	9.76410747592	1	1	1
485.072513154	4735.09008789	3	11.9847175999	1	1	1
485.298276758	6884.96582031	2	2.54041549146	1	1	1
485.327770657	4066.97937012	2	0.982861595365	1	1	1
485.338093631	4757.53161621	2	15.9068016613	1	1	1
486.327432612	4155.58886719	1	nan	0	0	0
487.130803027	4303.20410156	1	nan	0	0	0
487.973986905	5042.51660156	1	nan	0	0	0
489.025520586	3833.29939779	3	5.6043620558	1	1	1
489.114403974	4177.47021484	1	nan	0	0	0
491.99579085	4215.19075521	3	6.31155440415	1	1	1
493.043123451	5773.21370443	3	22.9973485508	1	0	0
495.053729744	4927.0	1	nan	0	0	0
495.066282476	7911.37744141	3	6.8060323174	1	1	1
497.235317891	5265.88134766	1	nan	0	0	0
499.180186254	4514.1484375	1	nan	0	0	0
499.918745467	5070.74251302	3	14.0942107594	1	1	1
500.238451143	26389.890625	3	17.0126207972	1	1	1
501.241757845	4736.33919271	3	2.93834252135	1	1	1
505.000150999	2525.43310547	1	nan	0	0	0
505.263068899	4383.56176758	3	30.4568930518	1	0	0
507.377500439	2530.81347656	1	nan	0	0	0
509.017649266	2931.18164062	1	nan	0	0	0
509.228773037	4226.64355469	3	8.40818891285	1	1	1
509.335610457	2872.00939941	2	4.95948549742	1	1	1
511.04140042	5504.36930339	3	11.594809721	1	1	1
511.096692901	4186.23254395	2	18.9961735445	1	1	1
511.098043769	3836.90454102	1	nan	0	0	0
512.504376111	4553.51855469	1	nan	0	0	0
515.405121441	3237.56225586	1	nan	0	0	0
515.413297425	44624.469401	3	21.5274839271	1	0	0
516.121612162	2732.19482422	1	nan	0	0	0
516.41666075	14783.1484375	3	13.8727347869	1	1	1
517.012625851	5191.77482096	3	25.0163096212	1	0	0
517.048513309	2445.16040039	1	nan	0	0	0
517.387890028	2989.22802734	1	nan	0	0	0
517.396467418	36707.8710938	3	11.9267288973	1	1	1
518.233290674	3100.9107666	2	16.3137909056	1	1	1
518.235827471	3317.97607422	1	nan	0	0	0
518.241532056	5991.71630859	1	nan	0	0	0
518.250074866	83674.4375	3	3.15613039121	1	1	1
518.274945673	3941.95593262	2	16.1897917916	1	1	1
518.399800898	9969.23079427	3	9.09963650261	1	1	1
519.138895606	2536.93896484	1	nan	0	0	0
519.253521654	23393.0286458	3	8.74706045847	1	1	1
519.295200127	3225.6031901	3	3.40311559731	1	1	1
520.257507941	4528.38134766	1	nan	0	0	0
521.958677721	2652.26318359	1	nan	0	0	0
523.215561276	46482.4257812	1	nan	0	0	0
523.218498856	2730.36621094	1	nan	0	0	0
523.351338041	10904.3245443	3	9.9505529814	1	1	1
524.218855888	9630.00097656	1	nan	0	0	0
524.354361949	3641.61633301	2	6.72626998261	1	1	1
525.337499486	3630.14819336	2	8.65588452068	1	1	1
525.338708785	5969.50830078	1	nan	0	0	0
525.387787624	13991.2766927	3	27.3089307472	1	0	0
526.241592452	4226.09619141	3	20.6548999769	1	0	0
526.391041568	3387.09871419	3	8.58662193899	1	1	1
527.071209611	5815.56477865	3	4.67009189084	1	1	1
527.183363099	15867.9847005	3	11.522203769	1	1	1
528.1866157	4280.40779622	3	17.8860509758	1	1	1
530.999435976	3597.54394531	1	nan	0	0	0
531.408041646	6633.51090495	3	48.7285896611	1	0	0
531.485723078	4377.60339355	2	13.9650967183	1	1	1
531.487263634	3093.40649414	1	nan	0	0	0
532.095641608	2889.90002441	2	6.31684188023	1	1	1
532.290670716	3826.44173177	3	5.41492972853	1	1	1
532.396047949	10048.7304688	3	9.31184077092	1	1	1
532.411751234	3153.97631836	1	nan	0	0	0
532.439883897	19577.3089193	3	22.6550246693	1	0	0
533.023626784	5998.12451172	3	15.5892303242	1	1	1
533.24980913	10957.1959635	3	14.3233917632	1	1	1
533.293955968	2443.91015625	1	nan	0	0	0
533.379949887	3867.79370117	2	29.1691207748	1	0	0
533.443322387	5005.53710938	3	14.714469471	1	1	1
534.233918189	3896.52929688	3	27.775401295	1	0	0
534.252535656	3780.80151367	1	nan	0	0	0
534.253641079	3212.09960938	1	nan	0	0	0
534.2952023	3550.85290527	2	28.4043807284	1	0	0
535.164419822	3089.93579102	1	nan	0	0	0
536.296620193	3132.25219727	2	4.90132859641	1	1	1
537.169488115	3442.90861003	3	6.28322649567	1	1	1
537.33027691	2790.53149414	1	nan	0	0	0
537.341782921	4277.58935547	1	nan	0	0	0
537.342913187	2896.01196289	1	nan	0	0	0
537.378309373	16748.9033203	3	30.6516418568	1	0	0
537.386297767	27646.2861328	2	36.5916399895	1	0	0
537.394356531	492759.9375	3	29.5760132899	1	0	0
537.402721878	18269.5605469	1	nan	0	0	0
538.196015872	2920.13574219	1	nan	0	0	0
538.381097427	6508.85799154	3	30.4376522571	1	0	0
538.388610547	7454.78914388	3	42.3159957887	1	0	0
538.398399125	133085.825521	3	27.0714783806	1	0	0
539.345979319	3426.76342773	1	nan	0	0	0
539.353562226	4466.36889648	2	7.64065883663	1	1	1
539.378565473	3284.37036133	1	nan	0	0	0
539.391256547	16825.1741536	3	25.8064259947	1	0	0
539.402201782	18790.3828125	3	35.2376035094	1	0	0
540.038115928	4085.78417969	3	31.1562339337	1	0	0
540.387680205	3953.12939453	1	nan	0	0	0
540.394411529	7790.00634766	2	4.89827806096	1	1	1
540.536031811	5234.27148438	1	nan	0	0	0
541.099825653	3183.64078776	3	10.4345014181	1	1	1
541.121125054	3236.56762695	2	4.79597126978	1	1	1
541.122246016	3767.28515625	1	nan	0	0	0
541.262312428	3048.93359375	1	nan	0	0	0
541.36191269	8311.31119792	3	21.8371637998	1	0	0
542.21557841	12166.6979167	3	13.9490059011	1	1	1
542.364630857	3642.40551758	1	nan	0	0	0
543.179146728	3427.79516602	1	nan	0	0	0
543.217765722	3428.75927734	1	nan	0	0	0
543.219457201	3493.5144043	1	nan	0	0	0
543.940978484	3212.38842773	1	nan	0	0	0
545.405626521	5234.32861328	1	nan	0	0	0
545.413516537	5649.40966797	2	6.99889913484	1	1	1
545.424203066	85976.859375	2	18.7479225424	1	1	1
546.30682041	3469.16512044	3	8.6202559077	1	1	1
546.427548806	26141.8623047	2	17.0785513104	1	1	1
547.421088727	3840.38476562	1	nan	0	0	0
547.430560823	5509.46875	2	11.5397568391	1	1	1
547.46013141	4389.73791504	2	13.1595954955	1	1	1
548.267782828	4771.5859375	3	20.0336410964	1	0	0
548.275783718	8291.58056641	3	20.1389527142	1	0	0
548.285654278	116319.247396	3	16.17096765	1	1	1
548.997586831	4051.78466797	3	14.0817703911	1	1	1
549.2792674	3078.20214844	1	nan	0	0	0
549.289312859	37052.4563802	3	15.0650718123	1	1	1
550.11676938	3337.42651367	1	nan	0	0	0
550.292877901	5435.77213542	3	23.5585386851	1	0	0
550.360433976	6325.82063802	3	15.2868411432	1	1	1
551.345658063	2850.09423828	1	nan	0	0	0
552.018369519	2856.49804688	1	nan	0	0	0
552.269836302	3181.86083984	1	nan	0	0	0
553.313293603	3272.24584961	1	nan	0	0	0
553.316769969	3669.25732422	1	nan	0	0	0
553.32064408	3549.71630859	2	11.0027017179	1	1	1
553.3283378	3785.0871582	2	12.2756304182	1	1	1
553.331746764	3548.32478841	3	19.2714517512	1	1	1
553.335632616	4291.70825195	2	17.1009663495	1	1	1
553.34835789	29296.5175781	1	nan	0	0	0
553.350439567	67683.0058594	2	18.8291154719	1	1	1
553.367490638	3081111.66667	3	27.7608963334	1	0	0
553.376333327	91754.6705729	3	30.8270620974	1	0	0
553.388184076	33492.4602865	3	52.8061094785	1	0	0
553.397499975	3957.72045898	1	nan	0	0	0
553.400181896	3684.86987305	1	nan	0	0	0
553.402221106	3583.42749023	1	nan	0	0	0
553.409747444	3025.03027344	1	nan	0	0	0
553.413791687	3098.19042969	1	nan	0	0	0
554.279605584	3193.17004395	2	8.25381887129	1	1	1
554.354813843	19784.718099	3	29.9121182486	1	0	0
554.371500224	923115.25	3	26.6464087547	1	0	0
554.380640732	32054.9912109	2	12.5051246316	1	1	1
554.393462436	10182.0260417	3	50.5028869947	1	0	0
555.344128268	3168.97875977	1	nan	0	0	0
555.346659967	7843.20141602	2	18.7284855237	1	1	1
555.355315326	11850.0976562	3	28.5347540671	1	0	0
555.366519851	231593.75	3	29.0487960751	1	0	0
555.374164298	120430.083333	3	27.3986374681	1	0	0
556.206264626	3643.40275065	3	21.9554710259	1	0	0
556.358697289	4310.89526367	2	21.0506377854	1	0	0
556.37044591	54509.9114583	3	25.9118213509	1	0	0
557.073495156	7466.89290365	3	8.68629540051	1	1	1
557.095114922	16732.6370443	3	12.8223476244	1	1	1
557.363462629	6777.62809245	3	25.2544279975	1	0	0
557.373686673	7215.95849609	3	30.0313370096	1	0	0
557.502381016	7433.17789714	3	2.9600989276	1	1	1
558.09383323	6550.11254883	2	17.5193681257	1	1	1
558.095001408	5256.39306641	1	nan	0	0	0
559.091995011	4580.08968099	3	17.3379512279	1	1	1
559.151322491	16492.1279297	3	2.29478741312	1	1	1
559.446678468	2930.57128906	1	nan	0	0	0
559.517257352	4350.73038737	3	10.2598923888	1	1	1
560.154518905	3205.91918945	3	6.06449978764	1	1	1
561.15266568	4817.31323242	3	13.1214859804	1	1	1
563.210701328	6203.72363281	1	nan	0	0	0
563.551724581	9593.34700521	3	2.63241659028	1	1	1
567.242006357	32591.6308594	1	nan	0	0	0
568.245358036	7414.359375	1	nan	0	0	0
569.345241059	6491.35864258	2	31.3658087741	1	0	0
569.363845644	143552.877604	3	48.9240183301	1	0	0
570.367495976	42119.1933594	3	47.9513745199	1	0	0
570.97832425	2713.54785156	1	nan	0	0	0
571.362202216	8506.43798828	3	46.9482766945	1	0	0
571.37077483	4746.85107422	1	nan	0	0	0
572.366294158	5141.4921875	1	nan	0	0	0