mz	intensity	present	rsd	present_flag	rsd_flag	flags
74.0204683854	8787.30273438	1	nan	0	0	0
74.0219578549	9988.78222656	1	nan	0	0	0
74.0236282241	9664.90136719	1	nan	0	0	0
90.0549077982	8483.10644531	1	nan	0	0	0
97.0049945823	16248.8701172	3	10.4259105157	1	1	1
98.9951232925	10831.9755859	3	9.71217621081	1	1	1
98.9955059393	63509.2382812	3	3.93319424325	1	1	1
98.9957770894	7750.37451172	1	nan	0	0	0
100.993614052	8842.140625	1	nan	0	0	0
101.003138024	9453.94433594	1	nan	0	0	0
101.059702112	10816.9036458	3	17.1407174387	1	1	1
101.328864356	8344.00683594	1	nan	0	0	0
101.51515979	11931.2314453	1	nan	0	0	0
101.730778968	8740.13378906	1	nan	0	0	0
101.733095095	11994.0625	1	nan	0	0	0
101.734381084	9424.45800781	1	nan	0	0	0
101.73849593	9062.53710938	1	nan	0	0	0
101.741214901	10525.9619141	1	nan	0	0	0
101.742249678	8434.75	1	nan	0	0	0
101.742769713	10061.4794922	1	nan	0	0	0
101.74328474	11427.1347656	2	1.04691016944	1	1	1
101.743553299	9152.56152344	1	nan	0	0	0
101.743997982	10407.0322266	1	nan	0	0	0
101.744453162	11472.0009766	2	28.2455611825	1	0	0
101.744811603	11265.203125	2	23.7302575825	1	0	0
101.745641843	8645.10449219	1	nan	0	0	0
101.747332404	10539.5	1	nan	0	0	0
101.748161292	10383.0898438	1	nan	0	0	0
101.748534427	12092.6367188	1	nan	0	0	0
101.748820652	9756.18457031	1	nan	0	0	0
101.749307892	11904.4179688	3	11.6730604935	1	1	1
101.749590033	10791.0341797	1	nan	0	0	0
101.750172214	11136.2783203	1	nan	0	0	0
101.750475967	10356.6962891	1	nan	0	0	0
101.750806666	17256.2495117	2	47.6003075086	1	0	0
101.751863787	14329.1051432	3	4.66516741266	1	1	1
101.752441892	10861.3193359	2	21.1553938499	1	0	0
101.752904469	13063.1811523	3	31.6095503495	1	0	0
101.753267116	12543.9384766	2	27.1588937417	1	0	0
101.753752467	11775.9331055	3	33.8446971628	1	0	0
101.7541897	12341.5361328	2	17.0201411915	1	1	1
101.754547538	12224.4191895	2	36.7140777334	1	0	0
101.754995058	12943.2128906	2	1.50209938999	1	1	1
101.755387189	11691.1210938	2	23.6062473291	1	0	0
101.755604339	9285.33007812	1	nan	0	0	0
101.755950927	8628.86352539	2	13.2865500551	1	1	1
101.756205954	12284.9892578	1	nan	0	0	0
101.75641037	9158.93017578	2	3.74387531295	1	1	1
101.756695656	10445.7265625	2	6.2635606068	1	1	1
101.756964609	12885.4833984	1	nan	0	0	0
101.757349643	9707.58496094	1	nan	0	0	0
101.757736947	11284.3974609	2	5.22150892285	1	1	1
101.757970328	11137.0595703	1	nan	0	0	0
101.758182718	22365.0117188	1	nan	0	0	0
101.758973097	14252.5328776	3	13.0000460006	1	1	1
101.759237828	13598.2265625	3	16.125112066	1	1	1
101.759756009	16277.921875	1	nan	0	0	0
101.760168404	12761.0852865	3	18.8393898408	1	1	1
101.760589617	23138.5371094	1	nan	0	0	0
101.761032715	13211.3707682	3	23.5164225931	1	0	0
101.761462156	18708.2093099	3	13.2023233353	1	1	1
101.761717632	23819.6679688	1	nan	0	0	0
101.762129545	16164.1253255	3	15.669963536	1	1	1
101.762516081	22609.9238281	2	13.584008543	1	1	1
101.762936383	15854.9082031	2	31.8167198077	1	0	0
101.763156662	12420.0400391	1	nan	0	0	0
101.763512656	21024.0117188	2	38.5251369017	1	0	0
101.763796113	17211.1969401	3	22.0449676567	1	0	0
101.764216255	15930.2011719	3	15.8733692847	1	1	1
101.764699875	14513.2646484	3	18.6806231687	1	1	1
101.765122868	20273.2623698	3	13.4765660571	1	1	1
101.765592749	16548.2675781	2	28.6494538408	1	0	0
101.765834254	13794.4111328	1	nan	0	0	0
101.766083369	18198.1308594	2	1.14344675894	1	1	1
101.766403591	10798.6328125	2	19.6123641231	1	1	1
101.766868806	12819.878418	2	27.2622690493	1	0	0
101.767134637	14631.3110352	2	9.26489554037	1	1	1
101.767340306	10950.9741211	2	25.0623172034	1	0	0
101.767822684	17981.9804688	3	36.7721748737	1	0	0
101.76828636	14875.8645833	3	12.1845941848	1	1	1
101.768670937	19058.4716797	2	13.1059201804	1	1	1
101.769027777	18275.8398438	1	nan	0	0	0
101.769300849	14506.2666016	3	28.2626911235	1	0	0
101.769525956	14323.3808594	1	nan	0	0	0
101.76976333	17148.0834961	2	5.18357226907	1	1	1
101.770167175	16150.0577799	3	58.7442527733	1	0	0
101.770588801	13477.0800781	2	26.6867721747	1	0	0
101.770905768	14871.0136719	2	36.3421841384	1	0	0
101.771152656	27973.1601562	2	16.2633783025	1	1	1
101.771793034	28735.8662109	2	16.6240726972	1	1	1
101.772241903	18819.934082	2	43.0437437448	1	0	0
101.772487096	18939.4179688	2	7.45788741281	1	1	1
101.772748958	20304.3242188	2	39.3256651187	1	0	0
101.773193886	27578.0478516	3	29.9957107518	1	0	0
101.773537687	18642.953125	2	12.2767671934	1	1	1
101.773836654	19064.0026042	3	35.4818186937	1	0	0
101.774125386	16641.4446615	3	21.0454027211	1	0	0
101.774435841	14425.2692057	3	26.7593594403	1	0	0
101.774712615	29584.6015625	1	nan	0	0	0
101.77493482	26232.6582031	3	28.3073251434	1	0	0
101.775256079	17537.953776	3	18.2788348487	1	1	1
101.775604257	24234.4169922	3	28.2556688878	1	0	0
101.775833876	26817.7714844	1	nan	0	0	0
101.77614144	16046.7299805	2	17.7625175106	1	1	1
101.776566281	22125.2529297	3	46.0648188535	1	0	0
101.776826063	15053.3085938	1	nan	0	0	0
101.777031844	14737.6468099	3	20.5156362506	1	0	0
101.777246665	27160.5078125	1	nan	0	0	0
101.777468587	19306.9189453	2	13.4154616385	1	1	1
101.777718712	25344.8974609	2	35.6896025245	1	0	0
101.777997264	26314.1162109	2	18.1555987412	1	1	1
101.778256176	21115.0546875	3	32.5193710935	1	0	0
101.77862363	20969.0940755	3	28.4021000266	1	0	0
101.77902773	19457.815918	2	39.0781093525	1	0	0
101.779248722	25078.5273438	1	nan	0	0	0
101.779524341	22156.8053385	3	47.1175103391	1	0	0
101.779759665	15074.4052734	2	42.3514259444	1	0	0
101.780079555	18452.2236328	3	26.0014628852	1	0	0
101.780660995	22885.2750651	3	12.0088836019	1	1	1
101.780962357	22341.6787109	2	36.2694067925	1	0	0
101.78119119	20066.6699219	1	nan	0	0	0
101.781534504	36917.5690104	3	33.5482582671	1	0	0
101.781968928	21173.3597005	3	21.9333142037	1	0	0
101.782258955	27318.5146484	2	9.66438705092	1	1	1
101.782583789	17274.5498047	3	5.95699797475	1	1	1
101.783010819	28270.1422526	3	33.6227374043	1	0	0
101.78335916	15685.6103516	2	2.13842367093	1	1	1
101.783625613	15415.5742188	2	29.3968888505	1	0	0
101.783935955	23857.6186523	2	45.5342724046	1	0	0
101.784305488	17578.9833984	3	34.9007116198	1	0	0
101.78458739	27388.1689453	2	10.6192244491	1	1	1
101.784970501	23246.5011393	3	54.2985429929	1	0	0
101.785412836	20358.3525391	3	40.1740747843	1	0	0
101.785726981	12987.2119141	1	nan	0	0	0
101.785950554	19702.9804688	1	nan	0	0	0
101.786208704	22575.8408203	2	7.57887660002	1	1	1
101.786453229	14519.878418	2	27.7251004659	1	0	0
101.786685266	15365.0966797	2	46.75657129	1	0	0
101.786949225	22894.5371094	2	8.23511135426	1	1	1
101.787297146	26330.6650391	2	28.1530962091	1	0	0
101.787716944	20704.1962891	3	42.6176088749	1	0	0
101.787990105	12159.9091797	1	nan	0	0	0
101.78837807	8248.08300781	1	nan	0	0	0
101.788672546	14295.0927734	2	17.6782488254	1	1	1
101.788939421	11321.1132812	2	20.4688936773	1	0	0
101.789181004	15406.0823568	3	30.4754523347	1	0	0
101.789434348	13832.8823242	2	9.22039779888	1	1	1
101.78980112	18229.1484375	2	31.5950994522	1	0	0
101.790092678	10841.5504557	3	17.1217545153	1	1	1
101.790421342	13056.0175781	3	10.1457241537	1	1	1
101.791015625	13863.3310547	3	12.8689873732	1	1	1
101.791467242	21565.9697266	2	15.3876642948	1	1	1
101.791739029	13118.9882812	3	13.811017467	1	1	1
101.791975822	12357.328125	2	1.7280358694	1	1	1
101.792262948	13451.2128906	2	4.56794744782	1	1	1
101.792636289	14226.9291992	2	11.5588213662	1	1	1
101.793071727	13106.6844076	3	30.0065656023	1	0	0
101.793532968	12742.8359375	2	22.1907468841	1	0	0
101.79394219	9887.55761719	1	nan	0	0	0
101.794189819	13754.074707	2	11.1834649853	1	1	1
101.7945234	11453.4716797	2	14.8856084251	1	1	1
101.794973476	12570.2319336	2	5.15305897509	1	1	1
101.795284024	9214.12646484	2	6.65331039174	1	1	1
101.796173429	11125.4443359	1	nan	0	0	0
101.796697229	9440.95898438	2	6.73520735674	1	1	1
101.797067714	11114.3574219	1	nan	0	0	0
101.797355305	10223.7060547	1	nan	0	0	0
101.797812705	9402.82226562	1	nan	0	0	0
101.798196247	10399.7773438	1	nan	0	0	0
101.798537658	8567.41796875	1	nan	0	0	0
101.799568728	12678.277832	2	31.9472632374	1	0	0
101.802526315	9764.60449219	1	nan	0	0	0
101.803069923	8219.23535156	1	nan	0	0	0
102.091311676	11661.2089844	2	10.0281565869	1	1	1
103.038950019	35193.6757812	3	9.27871707581	1	1	1
104.070579776	8696.28808594	3	6.62724012611	1	1	1
104.106972021	24298.625651	3	10.689117621	1	1	1
105.003237357	9797.19335938	2	12.6134956141	1	1	1
106.950572051	17086.7011719	3	58.717914935	1	0	0
110.07125984	15339.2190755	3	22.5858926425	1	0	0
112.036892116	9881.60839844	2	13.4248471182	1	1	1
112.05188921	12980.8540039	2	6.2447477014	1	1	1
112.052306144	90855.2708333	3	19.1192585985	1	1	1
112.05264906	10821.402832	2	2.72702213716	1	1	1
112.086916466	22849.5592448	3	12.5199478511	1	1	1
113.020927913	15070.3328451	3	35.8481035009	1	0	0
114.050414331	10380.6425781	1	nan	0	0	0
114.066191001	46702.3697917	3	5.5282088555	1	1	1
115.036571286	24633.3867188	3	28.018451785	1	0	0
116.070607951	11496.3984375	3	10.8815725261	1	1	1
116.977097693	17297.3219401	3	6.46567893843	1	1	1
118.085423958	12632.0515951	3	3.64753649497	1	1	1
118.085815969	14020.6660156	3	26.7849514416	1	0	0
118.086259414	214207.213542	3	6.04069567838	1	1	1
118.086667135	20617.5065104	3	6.28736021724	1	1	1
119.018935013	14044.9241536	3	21.9855608347	1	0	0
119.089643881	10694.0234375	3	21.0986215371	1	0	0
121.068379951	13659.9921875	1	nan	0	0	0
122.924506589	9806.82128906	2	15.2461640569	1	1	1
123.013837624	27231.6432292	3	5.88013406204	1	1	1
123.055302704	15391.7089844	3	0.559570359865	1	1	1
126.021948623	25870.1054688	3	13.1351639955	1	1	1
128.010851128	28844.703776	3	15.1547879021	1	1	1
128.994872871	27612.7942708	3	23.8168110614	1	0	0
129.065856138	10095.2096354	3	6.28143488558	1	1	1
130.048744884	10879.6884766	3	15.7020183435	1	1	1
130.049205147	38132.4518229	3	12.6715183339	1	1	1
130.049876613	136998.625	3	6.06667375126	1	1	1
130.050326668	11903.4443359	1	nan	0	0	0
130.086263711	10061.1567383	2	0.397039608694	1	1	1
131.009848875	29648.375	3	14.5169810964	1	1	1
131.010496714	93174.3515625	3	6.39950429194	1	1	1
131.018263348	16426.2151693	3	27.1956867431	1	0	0
131.018947546	45715.2317708	3	15.6746834245	1	1	1
131.053230901	15146.9645182	3	29.2655362102	1	0	0
131.106645939	8484.67285156	1	nan	0	0	0
131.348330909	8705.2734375	2	0.709396244195	1	1	1
131.348797571	8835.1328125	1	nan	0	0	0
131.351543493	16575.359375	1	nan	0	0	0
131.353028978	15262.7294922	1	nan	0	0	0
131.35337427	11952.9179688	1	nan	0	0	0
131.711083314	15071.6191406	1	nan	0	0	0
131.711406018	12285.7675781	2	6.904060259	1	1	1
131.711814957	11310.7495117	2	2.68485519708	1	1	1
131.712935189	17577.5898438	1	nan	0	0	0
131.713797532	13225.2988281	2	7.04625057946	1	1	1
132.065370414	8237.89746094	1	nan	0	0	0
132.068714783	7812.92480469	1	nan	0	0	0
132.070013217	7824.51611328	1	nan	0	0	0
132.070653378	9076.22070312	1	nan	0	0	0
132.071044918	8426.70019531	1	nan	0	0	0
132.071425987	9228.76627604	3	7.40594559277	1	1	1
132.07179054	8682.12386068	3	2.74188143891	1	1	1
132.072163836	10358.0745443	3	2.52230913386	1	1	1
132.072637487	12001.0651042	3	8.58281687509	1	1	1
132.07306059	13440.7840169	3	4.02400959105	1	1	1
132.073461557	14406.2207031	3	1.7508103864	1	1	1
132.07385225	17235.5839844	3	3.22075178462	1	1	1
132.074188932	17854.9101562	3	10.4703311455	1	1	1
132.074593094	39474.9557292	3	5.38414825302	1	1	1
132.07501769	94877.953125	3	5.05606219285	1	1	1
132.07558378	520996.552083	3	3.32029357083	1	1	1
132.076124661	2325487.41667	3	1.76128343895	1	1	1
132.076666117	22905782.0	3	1.83324164555	1	1	1
132.07718961	2682339.91667	3	1.82192734617	1	1	1
132.078139634	41727.3248698	3	1.6426291569	1	1	1
132.078584163	28712.9231771	3	3.42792375358	1	1	1
132.079007252	24080.4957682	3	1.82352034166	1	1	1
132.079327975	19739.0963542	3	7.81684396099	1	1	1
132.079643898	18738.9614258	3	2.66313194406	1	1	1
132.079961732	16147.4941406	3	12.5145490474	1	1	1
132.080278127	14967.680013	3	1.99984646075	1	1	1
132.08070072	13162.195638	3	0.548230600922	1	1	1
132.081125462	11200.5983073	3	2.09280649659	1	1	1
132.081442423	11185.2610677	3	8.26151793892	1	1	1
132.08175767	10123.8961589	3	4.6497869693	1	1	1
132.082071776	9496.44384766	2	3.843148111	1	1	1
132.082389646	9484.24902344	3	2.2996022536	1	1	1
132.082712895	8410.93066406	1	nan	0	0	0
132.082973909	8855.24987793	2	4.14064187487	1	1	1
132.083564588	7860.75878906	1	nan	0	0	0
132.084193045	7715.58447266	1	nan	0	0	0
132.084616554	8334.390625	2	0.488738772518	1	1	1
132.100775387	17141.5885417	3	3.63056251862	1	1	1
132.101234894	60522.6809896	3	10.3330950795	1	1	1
132.101901978	234752.46875	3	3.68759615084	1	1	1
132.102488682	21331.1835938	3	8.92006701492	1	1	1
132.441384924	13045.2099609	2	11.2567060392	1	1	1
132.442325403	12579.0878906	2	34.169418397	1	0	0
132.443038033	9187.58349609	2	9.58025413353	1	1	1
132.443829253	13120.3046875	2	3.14222528416	1	1	1
132.444327664	12452.0322266	1	nan	0	0	0
132.444634452	12296.4023438	1	nan	0	0	0
132.807700984	10628.1796875	1	nan	0	0	0
132.808016651	12931.2558594	1	nan	0	0	0
132.80829482	12830.2763672	1	nan	0	0	0
132.809525941	13807.8408203	1	nan	0	0	0
132.813065072	9280.88183594	1	nan	0	0	0
132.813575052	10487.4091797	1	nan	0	0	0
132.814529897	9242.20214844	1	nan	0	0	0
132.971999191	13005.3541667	3	5.40750771454	1	1	1
133.00862576	12746.9059245	3	24.2651799024	1	0	0
133.016437736	10907.6038411	3	23.8363015649	1	0	0
133.031729172	9005.15039062	1	nan	0	0	0
133.034574729	21156.3632812	3	32.6833096697	1	0	0
133.060804042	10456.2851562	1	nan	0	0	0
133.072603867	10059.235026	3	11.8785068217	1	1	1
133.073117868	32550.3997396	3	6.15013262249	1	1	1
133.073802173	132166.104167	3	3.05974257585	1	1	1
133.074291152	13481.4902344	2	8.36857044881	1	1	1
133.078510561	11176.8307292	3	9.22173297414	1	1	1
133.07892688	43728.4726562	3	1.1729292531	1	1	1
133.079456766	153577.265625	3	2.68588750845	1	1	1
133.080103812	635204.104167	3	3.96239832341	1	1	1
133.080624915	62194.5253906	2	9.03836020786	1	1	1
133.081099677	9599.03808594	1	nan	0	0	0
133.08304958	14094.4817708	3	7.49633789978	1	1	1
133.085911183	8689.2890625	1	nan	0	0	0
133.09718804	10646.1616211	2	5.42388943271	1	1	1
133.105289745	17655.9329427	3	18.3202882972	1	1	1
134.026974879	9586.49902344	2	14.0924405916	1	1	1
134.044690019	9351.890625	1	nan	0	0	0
134.077167108	8365.97753906	1	nan	0	0	0
134.080326463	10946.4661458	3	22.8562668098	1	0	0
134.08098858	65073.5755208	3	6.01689597277	1	1	1
134.083440828	10321.0768229	3	11.1977687408	1	1	1
134.996458457	24557.4316406	2	17.2955615444	1	1	1
135.00215541	14427.4404297	2	36.0540782644	1	0	0
135.002842961	73138.0351562	3	53.1278880955	1	0	0
135.003418757	9772.59667969	1	nan	0	0	0
135.080364469	8947.88330078	2	13.574433985	1	1	1
135.101513962	11063.0761719	1	nan	0	0	0
135.52824471	10619.843099	3	17.459649659	1	1	1
136.046462727	9629.54882812	1	nan	0	0	0
136.046905421	37492.0924479	3	30.9817812022	1	0	0
136.047438843	95449.6927083	3	29.6760828992	1	0	0
136.048113072	652690.114583	3	28.566830885	1	0	0
136.048668572	57804.9934896	3	28.7940428018	1	0	0
136.061781641	49401.6744792	3	11.6543576254	1	1	1
136.07323504	10535.711263	3	15.5999228571	1	1	1
136.939326252	14879.6435547	3	16.7170716969	1	1	1
136.940047871	84675.7057292	3	12.4470961683	1	1	1
137.006708603	9632.13867188	1	nan	0	0	0
137.011159066	10691.9511719	1	nan	0	0	0
137.02949562	19337.2763672	3	16.5372170065	1	1	1
137.045789498	64127.0807292	3	13.0901463869	1	1	1
137.051495477	23307.9798177	3	8.68382066997	1	1	1
137.057259094	19555.1162109	3	35.1697299047	1	0	0
138.031588628	9106.70703125	2	9.83786203249	1	1	1
138.052560855	11827.1097005	3	17.9944081345	1	1	1
138.09138289	8568.54589844	1	nan	0	0	0
138.938080413	9208.609375	1	nan	0	0	0
138.964138739	18695.514974	3	36.5943341808	1	0	0
139.014851152	12560.3538411	3	16.8936765275	1	1	1
139.015596456	70202.4791667	3	11.2122386964	1	1	1
139.036568244	13403.5187174	3	36.1883085342	1	0	0
139.111774872	11168.6469727	2	1.75630729666	1	1	1
140.06690815	46838.3684896	3	24.2461247505	1	0	0
140.067472717	130722.294271	3	27.1419750492	1	0	0
140.068179007	840314.833333	3	26.9995879451	1	0	0
140.068732363	72606.7877604	3	22.9640010372	1	0	0
140.994902459	16848.2223307	3	10.658578671	1	1	1
141.015065643	11464.328125	1	nan	0	0	0
141.015875761	53898.3828125	3	14.8230643996	1	1	1
141.071588001	32058.3710938	3	16.2387790254	1	1	1
141.08865201	11804.2495117	2	19.0206304395	1	1	1
142.026429163	10547.2172852	2	8.19055363064	1	1	1
142.047499589	8709.02734375	1	nan	0	0	0
142.948098429	29720.5784505	3	53.687189925	1	0	0
143.010538568	13457.8085938	3	19.0985418623	1	1	1
143.021707761	11688.6323242	2	26.464494019	1	0	0
143.048543165	10787.6391602	2	22.9704950667	1	0	0
143.106722775	9785.37792969	1	nan	0	0	0
143.98809417	37978.3554688	1	nan	0	0	0
144.032366881	14482.7011719	1	nan	0	0	0
144.101149824	10480.3216146	3	19.159035695	1	1	1
144.101946539	75750.6328125	3	7.08202048221	1	1	1
145.02619199	18973.5654297	3	18.3904214881	1	1	1
145.034624249	15741.8922526	3	4.43775157367	1	1	1
145.037286408	15407.9117839	3	46.9578360947	1	0	0
145.04959839	8338.01171875	1	nan	0	0	0
145.985159422	11434.1699219	1	nan	0	0	0
146.092459515	20793.7734375	3	9.54412710022	1	1	1
146.11615205	12930.5429688	3	23.985728238	1	0	0
146.116752527	34734.1946615	3	12.2544029821	1	1	1
146.117603727	176180.822917	3	5.25281080781	1	1	1
146.118251773	14060.746582	2	4.08306813534	1	1	1
146.165223796	39362.7981771	3	11.5783923461	1	1	1
147.074486946	10725.3834635	3	11.8490086188	1	1	1
147.075010498	86553.2265625	3	6.73867755276	1	1	1
147.075629933	308653.739583	3	11.7561405797	1	1	1
147.076374776	2051354.16667	3	12.1669987265	1	1	1
147.076973728	171432.307292	3	12.6351234329	1	1	1
147.077922574	8195.08105469	1	nan	0	0	0
147.112867964	22746.547526	3	11.3192455024	1	1	1
147.120937642	11007.969401	3	14.606379104	1	1	1
148.00246327	45273.1171875	3	23.1362000191	1	0	0
148.003086235	120458.833333	3	25.4271858921	1	0	0
148.003888809	756784.520833	3	27.6604982169	1	0	0
148.004531793	64227.8072917	3	24.4342884506	1	0	0
148.042711139	11122.7519531	1	nan	0	0	0
148.059003151	21070.7714844	3	3.23921906427	1	1	1
148.059619713	56067.5364583	3	2.17875765503	1	1	1
148.060470873	325209.708333	3	9.49917845352	1	1	1
148.061118458	27865.1184896	3	10.2691626543	1	1	1
148.078969728	11325.0429688	3	15.0956889552	1	1	1
148.079824026	65274.3984375	3	11.447681032	1	1	1
148.096896557	8669.48339844	1	nan	0	0	0
149.00728861	13538.8623047	2	33.8403229419	1	0	0
149.029559949	17743.8813477	2	33.145126584	1	0	0
149.063837533	15251.2807617	2	3.72158485793	1	1	1
149.080568034	8893.04296875	1	nan	0	0	0
149.992802228	9347.56640625	2	1.70909498921	1	1	1
149.999738967	29792.375651	3	36.2890148032	1	0	0
150.058378397	9571.2327474	3	1.33741165425	1	1	1
150.975988101	17871.7154948	3	31.3457084443	1	0	0
150.976837694	110824.575521	3	20.2063681919	1	0	0
150.977570004	9475.6484375	1	nan	0	0	0
151.047851577	16653.2981771	3	15.4267948711	1	1	1
152.021262738	11540.2630208	3	4.5352024007	1	1	1
152.022103241	64284.7473958	3	13.8816038989	1	1	1
156.040529574	13480.6184896	3	13.1672363857	1	1	1
156.041306355	47742.4882812	3	19.2590804292	1	1	1
156.042101188	387990.3125	3	15.9948484016	1	1	1
156.076757268	28126.9342448	3	1.98898870528	1	1	1
156.989753361	16300.6650391	3	16.0313835436	1	1	1
157.010721163	12809.5397135	3	17.8016576693	1	1	1
157.045505878	19431.601888	3	15.5809269453	1	1	1
158.04025446	26037.5553385	3	17.8998407666	1	1	1
158.921996425	17852.3554688	3	15.8282001762	1	1	1
159.013827237	20392.4941406	3	15.8561239208	1	1	1
159.076391017	7755.38736979	3	4.80229858317	1	1	1
160.132308643	12702.2607422	3	24.707695885	1	0	0
160.133197583	118571.541667	3	13.0408160147	1	1	1
161.127545949	7119.15283203	2	7.47004206097	1	1	1
161.128442251	48137.1627604	3	7.74782176866	1	1	1
161.136548712	8844.19547526	3	9.18695631546	1	1	1
162.076132188	7321.90136719	1	nan	0	0	0
162.109906705	11239.1591797	3	4.11464218475	1	1	1
162.110673879	70246.0885417	3	5.97934776231	1	1	1
162.111624969	399223.25	2	1.79254339521	1	1	1
162.112345295	3433202.0	3	7.67875900838	1	1	1
162.113091328	300235.427083	3	7.40074960381	1	1	1
162.114185037	10642.8857422	3	21.7746091761	1	0	0
163.045136513	23340.5260417	3	14.3670475276	1	1	1
163.109529546	7779.55419922	2	3.52863045517	1	1	1
163.114114748	6561.57617188	1	nan	0	0	0
163.114854101	20953.21875	3	9.38182787744	1	1	1
163.115823835	198886.46875	3	11.0543068373	1	1	1
163.976061486	17180.2096354	3	11.7918326477	1	1	1
163.976860892	56235.3736979	3	11.4762913019	1	1	1
163.977789016	502920.989583	3	10.7602121349	1	1	1
164.116732083	15972.5673828	3	4.99109160614	1	1	1
164.119165808	8841.46337891	2	6.8693169728	1	1	1
164.531018702	9425.99267578	2	14.2210289212	1	1	1
164.981175038	9729.4078776	3	25.7136277522	1	0	0
165.00705165	7121.07324219	1	nan	0	0	0
165.973616202	19797.4550781	3	15.5631013498	1	1	1
165.975938801	40799.3697917	3	12.1790519746	1	1	1
166.0018806	8026.24511719	3	12.2137226146	1	1	1
166.086267381	31944.0846354	3	5.73762584216	1	1	1
166.949806014	8586.90209961	2	8.38802772129	1	1	1
166.950724748	89474.6315104	3	19.800510774	1	1	1
167.020791069	12447.3881836	2	2.60883591645	1	1	1
167.021732671	106785.572917	3	19.3079307198	1	1	1
167.031490116	15394.6389974	3	19.7338075301	1	1	1
167.040057941	14607.6640625	3	22.9417165644	1	0	0
167.046876169	8405.31054688	3	0.98947435795	1	1	1
167.104258753	16851.5875651	3	10.5289781766	1	1	1
168.005762489	52874.1289062	3	11.3326609902	1	1	1
168.948842313	10498.7884115	3	27.6512799171	1	0	0
169.026133083	12393.0670573	3	11.7844294701	1	1	1
169.057381842	8746.64941406	1	nan	0	0	0
169.058368244	82035.65625	3	18.6510355742	1	1	1
169.985835885	16932.9287109	3	40.2177586052	1	0	0
170.03080103	15342.6015625	3	17.8796370864	1	1	1
170.031627343	57106.2304688	3	11.6845962783	1	1	1
170.032605245	554144.729167	3	10.8964211677	1	1	1
170.042365452	13320.0458984	3	24.8921084774	1	0	0
170.057796971	8213.77815755	3	11.4475704723	1	1	1
170.081210846	12117.1009115	3	20.47384334	1	0	0
170.092410631	36261.6516927	3	10.0221636636	1	1	1
171.036000544	20459.5104167	3	31.88007549	1	0	0
171.041802136	9135.67643229	3	9.22032010573	1	1	1
171.099189449	10141.2172852	2	17.1050824121	1	1	1
172.030765558	36385.8678385	3	14.5379678556	1	1	1
172.133232251	12994.1236979	3	4.77688121503	1	1	1
172.98470219	52892.2760417	3	10.3056989782	1	1	1
172.987849702	11543.5634766	1	nan	0	0	0
173.057469695	8869.7281901	3	16.9901794503	1	1	1
173.078407363	10758.1674805	3	32.5891054035	1	0	0
173.079840046	6733.43212891	1	nan	0	0	0
173.080842793	76483.0104167	3	1.14584565215	1	1	1
174.895949815	34430.8216146	3	15.7687642325	1	1	1
174.991363953	8455.62109375	1	nan	0	0	0
175.001671	18085.351888	3	6.97266369559	1	1	1
175.107729229	8455.63232422	3	14.709260821	1	1	1
175.118963426	56598.1731771	3	13.6013802818	1	1	1
176.101952364	6568.41748047	1	nan	0	0	0
176.102985142	76591.0963542	3	12.5693534921	1	1	1
177.106335644	7076.171875	1	nan	0	0	0
178.971779446	7352.92236328	1	nan	0	0	0
179.128489124	10280.7496745	3	14.480122546	1	1	1
179.982307095	6495.95654297	1	nan	0	0	0
182.04808496	6869.41308594	1	nan	0	0	0
184.073313064	10148.8902995	3	22.3755887918	1	0	0
184.094440662	9921.18684896	3	17.250071334	1	1	1
185.032345603	13060.0436198	3	21.0089698487	1	0	0
185.959794981	15143.5947266	3	23.170933843	1	0	0
187.073104364	8410.10904948	3	14.8912367603	1	1	1
187.125933812	20000.3649089	3	22.043318939	1	0	0
189.052409825	28963.6842448	3	8.50540691692	1	1	1
189.13461629	7548.55973307	3	9.32839069402	1	1	1
189.159797366	9881.51497396	3	2.87150253013	1	1	1
190.11863625	8884.76123047	2	21.1225153936	1	0	0
191.031650487	8287.86621094	1	nan	0	0	0
191.04013803	48321.125	3	12.3471049876	1	1	1
191.104299073	8996.44775391	3	29.8844748105	1	0	0
192.014632513	27412.7884115	3	22.5469422265	1	0	0
192.109152026	14762.773763	3	19.3712190869	1	1	1
193.001993578	20945.5742188	3	4.86899504061	1	1	1
193.037638127	8968.84472656	1	nan	0	0	0
193.062529337	9995.8453776	3	9.77288533982	1	1	1
194.032681349	12306.1761068	3	17.6857839161	1	1	1
194.115199142	12943.5221354	3	33.0403632269	1	0	0
194.945675231	8347.53100586	2	13.2933352679	1	1	1
194.96664271	16084.3424479	3	21.0081938567	1	0	0
195.041747512	6435.16894531	1	nan	0	0	0
195.078201409	10186.9944661	3	11.798805353	1	1	1
195.099181021	7510.98974609	1	nan	0	0	0
196.073440302	10322.5898438	3	17.9152257511	1	1	1
196.877985465	7100.71704102	2	5.35092925839	1	1	1
196.969766606	8132.99291992	2	17.2577493553	1	1	1
197.057396088	10008.8183594	3	13.7314391773	1	1	1
197.093910109	8016.81282552	3	14.6718094054	1	1	1
198.084953185	20568.9355469	3	19.1209124474	1	1	1
198.09724655	23652.6686198	3	19.7801835436	1	1	1
199.072983008	6615.48876953	1	nan	0	0	0
199.08435865	7711.30078125	2	1.00343550177	1	1	1
199.109527543	19559.0924479	3	4.81807295457	1	1	1
199.169286199	11310.1682943	3	26.904990469	1	0	0
200.065883567	13403.1367188	3	22.9623162744	1	0	0
200.067013579	48643.890625	3	18.8019158231	1	1	1
200.068350582	313785.473958	3	17.1480300787	1	1	1
201.015968179	8432.10766602	2	3.19814054775	1	1	1
201.054005468	9846.68994141	2	19.269170651	1	1	1
201.071739246	23478.6822917	3	25.4674334089	1	0	0
201.08877395	18558.3623047	3	15.8371896799	1	1	1
201.932307331	17541.5130208	3	18.5041818445	1	1	1
201.933723745	146196.341146	3	17.571884818	1	1	1
202.06649485	24619.8818359	3	27.3833824154	1	0	0
202.180190779	30795.7584635	3	16.0493130363	1	1	1
202.771261047	6693.11425781	1	nan	0	0	0
202.771958503	7285.36035156	1	nan	0	0	0
203.031576218	7893.17578125	1	nan	0	0	0
203.038666531	18654.8203125	3	17.6612168236	1	1	1
203.040085269	147905.78125	3	10.4579083895	1	1	1
203.05000767	23108.4264323	3	21.5264094414	1	0	0
203.051218322	101786.807292	3	19.2476343401	1	1	1
203.05256472	708311.0625	3	22.2092364079	1	0	0
203.137620976	8904.87011719	1	nan	0	0	0
203.139053957	53920.3164062	3	1.9316133514	1	1	1
203.150276	15352.4316406	3	12.3069700816	1	1	1
203.929439406	7026.61621094	2	6.43563709695	1	1	1
203.931858366	23855.6015625	3	19.9796992667	1	1	1
204.040876513	15614.4127604	3	7.8698800241	1	1	1
204.042139999	16165.9547526	3	11.6829277076	1	1	1
204.043330536	10463.0335286	3	5.06768683988	1	1	1
204.056009267	42873.5351562	3	19.9819972498	1	1	1
204.116356378	7376.35986328	3	9.51227947869	1	1	1
204.11739173	7907.75960286	3	8.75546821084	1	1	1
204.117909646	10247.0696615	3	9.61425157497	1	1	1
204.11890018	18738.4798177	3	4.74381143472	1	1	1
204.120801519	191375.59375	1	nan	0	0	0
204.121469781	468356.21875	3	5.40267333236	1	1	1
204.12280493	7692769.0	3	6.80991913993	1	1	1
204.123970218	568477.677083	3	6.65613908016	1	1	1
204.125758078	18041.8955078	3	9.15217868132	1	1	1
204.126216955	12908.7864583	3	6.89306171845	1	1	1
204.126743125	10152.2307943	3	13.2725872406	1	1	1
204.127241956	9020.24088542	3	10.9918979851	1	1	1
204.12779308	8355.65087891	2	20.2931352653	1	0	0
204.128201727	7565.24707031	2	10.1802379895	1	1	1
204.129206974	7242.26318359	1	nan	0	0	0
204.1337848	7879.51025391	2	1.42877619012	1	1	1
204.142178625	7155.68115234	1	nan	0	0	0
204.805471838	6785.45263672	1	nan	0	0	0
205.037643776	18675.7382812	3	15.0439743552	1	1	1
205.055760762	53343.5598958	3	7.05100780084	1	1	1
205.062594594	9086.06054688	1	nan	0	0	0
205.068307101	8706.84179688	1	nan	0	0	0
205.097207211	18062.0992839	3	15.4233276439	1	1	1
205.120148495	22340.2083333	3	12.8372048873	1	1	1
205.123739563	18973.7154948	3	6.17050376242	1	1	1
205.124990651	87120.4244792	3	6.55983327342	1	1	1
205.126366784	560827.677083	3	7.4740687546	1	1	1
205.129431798	10873.9739583	3	9.27960557889	1	1	1
205.154741471	25587.5507812	3	12.9922437512	1	1	1
205.492322378	7303.13818359	1	nan	0	0	0
206.053847255	8441.03613281	1	nan	0	0	0
206.055302762	35897.2135417	3	28.5217999469	1	0	0
206.056545993	9804.27050781	1	nan	0	0	0
206.127317326	38332.8528646	3	12.7991226295	1	1	1
206.129722035	19166.875	3	8.36248394143	1	1	1
206.88601862	7467.23535156	1	nan	0	0	0
207.012786685	10417.6069336	3	20.1508210681	1	0	0
207.014292056	81407.5833333	3	13.629191851	1	1	1
207.053335156	6932.19384766	2	5.6473303448	1	1	1
207.078219658	32185.9824219	3	10.176903124	1	1	1
207.988586415	23476.9882812	3	11.726628559	1	1	1
207.998305609	15663.3284505	3	11.8900786253	1	1	1
208.036173661	6574.16796875	1	nan	0	0	0
208.048443134	7332.07177734	2	8.04299629937	1	1	1
209.01235531	8885.74316406	1	nan	0	0	0
209.057454368	9240.51090495	3	15.5302107547	1	1	1
209.093890563	9605.56982422	3	20.0528789079	1	0	0
209.103352066	21423.0032552	3	15.5859631892	1	1	1
209.114907359	6979.95507812	1	nan	0	0	0
209.546888344	9190.19417318	3	23.6789975513	1	0	0
210.085767874	8145.83203125	1	nan	0	0	0
210.087351367	87217.8072917	3	7.12938489749	1	1	1
210.089081026	28129.6516927	3	22.2984615598	1	0	0
210.110057003	11125.4384766	2	6.88308545423	1	1	1
210.94058865	24084.4316406	3	16.6811496261	1	1	1
210.976775182	11056.5957031	1	nan	0	0	0
210.985284315	33306.2207031	3	24.2796397309	1	0	0
211.036778114	6751.67089844	1	nan	0	0	0
211.073126188	17148.0039062	3	23.5209200157	1	0	0
211.090793222	8228.36914062	2	18.3973011625	1	1	1
211.094189833	6573.53173828	1	nan	0	0	0
211.986058058	7765.24609375	2	3.19767237134	1	1	1
212.103009489	21681.930013	3	21.7432051936	1	0	0
212.851838829	11510.6113281	1	nan	0	0	0
212.938582695	6817.01318359	1	nan	0	0	0
212.98277134	6533.95605469	1	nan	0	0	0
213.000942207	12824.1079102	2	6.38317655274	1	1	1
213.063671171	10061.6813151	3	1.52577064513	1	1	1
213.074842094	8212.18261719	1	nan	0	0	0
213.088774152	6587.65136719	1	nan	0	0	0
213.125157852	19007.6699219	3	4.63460560923	1	1	1
214.057334694	9331.25048828	2	2.48684996197	1	1	1
214.058861238	115494.888021	3	5.49588996667	1	1	1
214.083926963	8465.60253906	1	nan	0	0	0
214.252888907	15754.9527995	3	31.8073595102	1	0	0
215.01612716	8784.91259766	2	13.2469603287	1	1	1
215.051322114	11502.1676432	3	15.1373539073	1	1	1
215.062199298	7561.44042969	2	6.26506942153	1	1	1
215.069618594	23642.3515625	3	21.5146083111	1	0	0
215.135269014	10227.5771484	2	13.5722210144	1	1	1
215.139035557	14317.9231771	3	7.68237944791	1	1	1
216.057030712	8395.05859375	1	nan	0	0	0
217.083687264	9513.03352865	3	10.3825763093	1	1	1
217.104656727	10854.4804688	2	6.69993525859	1	1	1
217.154732563	17877.0380859	3	16.0751776861	1	1	1
218.135862207	26309.8964844	3	9.56962328369	1	1	1
218.137210743	94875.671875	3	7.10652598294	1	1	1
218.13859751	1114309.66667	3	3.24964459552	1	1	1
218.184708965	8325.42708333	3	16.001139607	1	1	1
218.186351427	105386.388021	3	17.4006439881	1	1	1
219.017659454	33400.8417969	3	4.15295323494	1	1	1
219.024868377	10427.6354167	3	5.10450921038	1	1	1
219.026588619	134907.429688	3	2.16606134549	1	1	1
219.140406513	7475.54736328	2	6.09032535178	1	1	1
219.142084094	95431.7734375	3	14.5402853229	1	1	1
219.174496786	6386.62353516	1	nan	0	0	0
219.189711107	9980.23307292	3	28.417583165	1	0	0
220.004117187	10595.7246094	1	nan	0	0	0
221.033383306	7829.42382812	1	nan	0	0	0
221.050699446	12092.5185547	3	9.7780320439	1	1	1
222.029254799	47038.1236979	3	7.37793678215	1	1	1
222.988237823	52216.8203125	3	20.032254362	1	0	0
223.972161403	8352.72851562	1	nan	0	0	0
224.986501748	7674.73681641	1	nan	0	0	0
226.104771818	12373.6604818	3	11.1776918822	1	1	1
226.216326276	6994.32568359	3	8.20234471054	1	1	1
227.113636431	39890.8046875	3	7.90619643663	1	1	1
228.116983962	6222.48242188	1	nan	0	0	0
228.231990969	17935.0878906	3	2.12210750472	1	1	1
229.151546074	8157.13655599	3	29.4389404305	1	0	0
229.152782547	35233.125	3	4.89544187088	1	1	1
229.154418939	316177.177083	3	7.1147935307	1	1	1
229.156011929	8924.80517578	2	7.80612168694	1	1	1
230.156072465	5983.29833984	2	0.986241405214	1	1	1
230.157792591	40035.0950521	3	1.44339315708	1	1	1
231.133615705	7147.85595703	2	11.693232694	1	1	1
231.144923284	11150.6767578	3	14.9526803599	1	1	1
232.151185698	20536.5566406	3	12.3519067721	1	1	1
232.152311634	89120.5963542	3	5.51537550964	1	1	1
232.154034538	856641.6875	3	8.07513988884	1	1	1
232.155638207	25712.8984375	1	nan	0	0	0
233.050506845	6187.52783203	1	nan	0	0	0
233.078181759	6163.05322266	1	nan	0	0	0
233.149349826	8631.44628906	1	nan	0	0	0
233.155649458	9591.8034668	2	17.6963658674	1	1	1
233.157421275	98913.0833333	3	10.3779299995	1	1	1
234.158261541	7240.96240234	2	14.6788787289	1	1	1
234.937870169	5940.26025391	1	nan	0	0	0
235.066021544	16535.4016927	3	12.6827380635	1	1	1
235.165029812	6001.57226562	1	nan	0	0	0
236.040452638	6934.78979492	2	0.370179101851	1	1	1
236.992142228	10306.5888672	3	16.2836445717	1	1	1
237.027875017	8947.96158854	3	20.1146264853	1	0	0
238.019641387	6164.25097656	1	nan	0	0	0
238.022743693	47355.4231771	3	10.2567356531	1	1	1
238.044813535	10850.2832031	3	24.6005527576	1	0	0
239.023494542	6209.25830078	2	5.44932706256	1	1	1
239.161486566	8793.10026042	3	14.6284653369	1	1	1
240.020223643	7578.01888021	3	19.9152817916	1	1	1
240.038413167	6825.54882812	1	nan	0	0	0
240.120304266	6744.18017578	1	nan	0	0	0
240.995623157	7210.94287109	1	nan	0	0	0
241.067904077	10796.9576823	3	33.1719695726	1	0	0
241.127340291	9994.6953125	3	12.4795149453	1	1	1
241.129213214	107240.434896	3	5.34432760144	1	1	1
241.15435939	17906.2174479	3	1.88780533828	1	1	1
242.078636665	59283.1484375	3	17.1774790645	1	1	1
242.099610997	6659.21728516	1	nan	0	0	0
242.11503393	19351.7050781	3	4.96560789895	1	1	1
242.132574692	11935.648112	3	9.96888409687	1	1	1
242.247562512	13055.9625651	3	11.8911943147	1	1	1
243.011150683	6766.76660156	1	nan	0	0	0
243.08193217	6683.98583984	1	nan	0	0	0
244.092474573	8139.42464193	3	13.4904552031	1	1	1
244.153995744	6379.05908203	1	nan	0	0	0
244.190370126	11666.0839844	3	45.9784765238	1	0	0
244.263249641	9119.0633138	3	15.8348913504	1	1	1
245.078111782	6137.2734375	1	nan	0	0	0
245.135407197	50962.4414062	3	0.932950847443	1	1	1
245.145324725	7397.17529297	1	nan	0	0	0
245.145946948	10419.7138672	3	16.7461540558	1	1	1
245.147346069	51884.6158854	3	5.75752998955	1	1	1
245.149265075	557247.625	3	5.54202601027	1	1	1
245.226102338	17778.6529948	3	34.7608257167	1	0	0
245.967927639	9410.03059896	3	5.00914755643	1	1	1
245.980526199	10135.6113281	1	nan	0	0	0
246.150719923	7043.68896484	2	13.6325840224	1	1	1
246.152675882	62061.4765625	3	2.07624879124	1	1	1
246.167746881	11596.3637695	2	2.60410041486	1	1	1
246.169705313	108178.575521	3	10.6269436653	1	1	1
246.180939683	20067.3242188	3	9.26472244904	1	1	1
246.229371799	6464.48046875	1	nan	0	0	0
247.029590162	8523.28304036	3	11.5038952264	1	1	1
247.173085619	11953.3964844	3	37.6461497547	1	0	0
247.239713078	14261.2835286	3	18.2137555902	1	1	1
247.241748383	148609.890625	3	23.5466664402	1	0	0
248.146953403	18436.2610677	3	7.81190617164	1	1	1
248.148949183	197649.859375	3	7.68042802989	1	1	1
248.198096364	11746.5107422	3	27.6868928223	1	0	0
248.243125136	5978.68310547	1	nan	0	0	0
248.24509634	44142.5130208	3	26.5543069494	1	0	0
249.045233657	41862.9414062	3	7.91076212573	1	1	1
249.095552574	6750.14697266	1	nan	0	0	0
249.153276066	49282.8098958	3	11.7122642593	1	1	1
249.155401355	498831.395833	3	9.71529069065	1	1	1
249.157287154	12150.0384115	3	16.11495508	1	1	1
249.248505391	5927.72021484	1	nan	0	0	0
250.046118366	6353.06738281	2	15.3434126385	1	1	1
250.152255433	7377.01586914	2	15.8569573988	1	1	1
250.158792845	44938.6796875	3	4.34824040013	1	1	1
250.21386778	38047.8268229	3	12.9526375114	1	1	1
251.136247295	6886.88720703	2	14.306796948	1	1	1
251.217164611	6932.00341797	1	nan	0	0	0
253.094627838	13457.9205729	3	9.01275451105	1	1	1
253.119804582	6088.18945312	1	nan	0	0	0
254.000253481	7991.0546875	2	18.3195687561	1	1	1
254.018745566	21639.9186198	3	21.1135388948	1	0	0
254.136019353	10436.5470378	3	20.3719424792	1	0	0
254.245429438	8277.77734375	3	23.6940543785	1	0	0
254.247519743	105382.236979	3	14.1260130254	1	1	1
255.135381219	18819.8092448	3	8.71570465088	1	1	1
255.250889486	14491.335612	3	12.1330469785	1	1	1
256.094269543	9515.68530273	2	31.31869777	1	0	0
256.130521157	6474.67626953	1	nan	0	0	0
256.26104622	9045.18310547	3	12.6044065124	1	1	1
256.263189851	116013.481771	3	12.0945456707	1	1	1
257.041928009	22074.2174479	3	6.71614915177	1	1	1
257.091126258	21408.7864583	3	8.99209108609	1	1	1
257.116315917	8233.48730469	1	nan	0	0	0
257.266584008	19139.9485677	3	6.75565779495	1	1	1
258.073605617	7500.45483398	2	25.8071230902	1	0	0
258.10983878	33313.8027344	3	7.86360696434	1	1	1
259.077139305	9156.35677083	3	23.8870925564	1	0	0
260.183192959	8445.53271484	3	5.99226356754	1	1	1
260.185327668	83437.7630208	3	6.67441771507	1	1	1
260.196623541	24624.0143229	3	8.66024047812	1	1	1
261.188691453	10921.1005859	3	14.1449622656	1	1	1
261.220959905	5421.37207031	1	nan	0	0	0
262.126129438	7513.81884766	1	nan	0	0	0
262.1281956	57728.2708333	3	2.64901069492	1	1	1
262.164592187	48437.7942708	3	1.34345719937	1	1	1
262.990209034	8086.87695312	2	16.500281006	1	1	1
263.060793298	6166.04492188	1	nan	0	0	0
263.084716966	8066.81982422	1	nan	0	0	0
263.131522095	6520.54614258	2	15.1702605313	1	1	1
263.143690552	13141.1972656	3	11.2189452787	1	1	1
263.145908197	122975.651042	3	4.69308836632	1	1	1
263.167820255	7074.96923828	2	5.09412412557	1	1	1
263.23662073	43223.1015625	3	12.3688242113	1	1	1
264.149275836	10023.1367188	3	9.48820083939	1	1	1
264.172103436	14390.5807292	3	17.0685421048	1	1	1
264.229442888	14696.5924479	3	6.83670774259	1	1	1
264.239980244	11409.0537109	3	22.0013387911	1	0	0
265.022872331	6017.14257812	1	nan	0	0	0
265.06946948	6756.04296875	2	10.6482795784	1	1	1
265.104331017	9192.08349609	3	14.7412826989	1	1	1
265.111296248	8538.37158203	2	1.08249266509	1	1	1
265.25003535	28604.5026042	3	20.128953996	1	0	0
265.252249821	293266.916667	3	19.654187231	1	1	1
266.071923417	7894.0	1	nan	0	0	0
266.187773788	51388.3502604	3	10.1966975309	1	1	1
266.253390624	8400.82373047	2	1.41030278199	1	1	1
266.255631648	76509.296875	3	13.0875781098	1	1	1
267.110249055	14429.726237	3	28.6912792386	1	0	0
267.191110354	7529.06901042	3	5.66796869978	1	1	1
267.258947866	7795.76757812	2	28.9653239826	1	0	0
268.055451172	6415.95410156	2	3.62848989267	1	1	1
268.103724287	11857.0820312	3	13.0690175124	1	1	1
268.263197139	18703.7145182	3	15.0430216372	1	1	1
269.085579096	6620.31689453	1	nan	0	0	0
269.087736402	57408.171875	3	20.3568040191	1	0	0
270.091040818	8011.90332031	1	nan	0	0	0
270.109943084	14981.8632812	3	3.3102750242	1	1	1
270.278808371	34692.9257812	3	8.92081679728	1	1	1
271.137324047	18496.1002604	3	16.4455557387	1	1	1
271.282321506	6709.57177734	1	nan	0	0	0
273.005673309	8763.3499349	3	1.71792940609	1	1	1
273.018208561	8850.87792969	2	30.4569671595	1	0	0
274.200918845	6250.81030273	2	9.84054840702	1	1	1
274.27376819	14235.5478516	3	34.1105206024	1	0	0
276.180191421	21504.1204427	3	17.3974253089	1	1	1
276.226977944	9841.28076172	3	23.7165456048	1	0	0
276.229426635	125851.950521	3	14.7256218135	1	1	1
277.232814168	19765.7044271	3	22.4633438237	1	0	0
278.24264801	8251.76139323	3	17.8681623759	1	1	1
278.245064155	86866.4401042	3	17.7877940963	1	1	1
279.248374774	13686.827474	3	23.91538135	1	0	0
280.091688822	35587.5996094	3	29.6921363083	1	0	0
280.260756406	5875.93164062	1	nan	0	0	0
280.263139387	48452.5260417	3	23.1014442636	1	0	0
281.078191907	7365.23974609	3	11.3707424627	1	1	1
281.266512551	6268.88378906	1	nan	0	0	0
282.274383478	8074.41625977	2	2.29773951163	1	1	1
282.276224994	34987.9791667	3	6.33112643117	1	1	1
282.278739737	406643.197917	3	6.72111243571	1	1	1
283.018495215	10127.5906576	3	45.8604696371	1	0	0
283.282092255	37460.6608073	3	23.2504409265	1	0	0
284.294420558	23936.7480469	3	14.6933457721	1	1	1
292.072951902	12590.4996745	3	36.2718524192	1	0	0
292.200713629	15424.1402995	3	1.7780220806	1	1	1
292.203317532	165886.78125	3	2.67851293153	1	1	1
292.224210038	6993.08105469	1	nan	0	0	0
292.260698329	23894.2942708	3	15.8340222382	1	1	1
293.068679246	6491.43066406	1	nan	0	0	0
293.071364796	60197.4270833	3	11.9877931039	1	1	1
293.206668907	24383.4407552	3	8.05543219486	1	1	1
293.264152009	7487.70703125	2	7.81063414878	1	1	1
294.060039497	10889.1048177	3	13.6954118534	1	1	1
294.072196607	6623.98364258	2	3.53298967556	1	1	1
294.074757497	7009.13476562	1	nan	0	0	0
294.201315954	5807.48779297	1	nan	0	0	0
294.218753846	11751.40625	1	nan	0	0	0
295.22269259	10476.311849	3	9.41795433108	1	1	1
296.062902099	7843.10693359	1	nan	0	0	0
296.065977213	78624.8710938	3	17.9938948131	1	1	1
296.258295926	8420.70947266	2	3.995561074	1	1	1
297.973283416	8766.41210938	1	nan	0	0	0
298.992890564	40833.2259115	3	17.3945705886	1	1	1
299.305716048	20469.5410156	3	11.9274068914	1	1	1
300.229826242	26968.4674479	3	26.671481986	1	0	0
301.016974661	8279.27319336	2	3.91879217159	1	1	1
301.141000293	16037.6152344	2	44.4060770705	1	0	0
302.240272572	13007.7363281	1	nan	0	0	0
302.242421621	36445.1328125	3	14.3162452266	1	1	1
302.245407005	303398.15625	3	13.9824167772	1	1	1
303.248741529	54057.6653646	3	11.7471259399	1	1	1
304.211779876	10833.7563477	2	8.64461587505	1	1	1
304.25089969	9201.59179688	1	nan	0	0	0
304.260699425	2791931.33333	3	13.1785846459	1	1	1
304.263443444	107295.828125	1	nan	0	0	0
304.267043418	11463.3408203	1	nan	0	0	0
304.284069578	9033.34130859	2	5.37843123805	1	1	1
305.000855724	13852.6181641	3	54.5255258904	1	0	0
305.259290682	19152.7597656	1	nan	0	0	0
305.261681765	53594.7695312	1	nan	0	0	0
305.264372786	431138.052083	3	14.2493012696	1	1	1
305.918773595	8503.88769531	1	nan	0	0	0
306.219402463	38968.7213542	3	9.8849376367	1	1	1
306.240379913	12065.0338542	3	25.9075490608	1	0	0
306.267732345	39420.0677083	3	6.07346142421	1	1	1
306.276774379	28866.8710938	3	26.4272437189	1	0	0
307.038711777	21810.0048828	2	3.0672160072	1	1	1
307.041236347	78387.0234375	1	nan	0	0	0
307.043829055	551874.927083	3	6.31675424001	1	1	1
307.083242911	10400.0112305	2	8.17742975882	1	1	1
307.222769642	8791.33154297	2	1.29499345363	1	1	1
308.041227871	8244.56445312	1	nan	0	0	0
308.044427788	8558.21289062	1	nan	0	0	0
308.047239665	54780.5846354	3	10.2468899488	1	1	1
308.088018308	10698.5087891	2	20.1583657477	1	0	0
308.09106556	87598.3151042	3	13.3443884773	1	1	1
308.198547398	11851.2145182	3	10.2495255146	1	1	1
308.235034765	21686.8984375	3	12.3788437396	1	1	1
309.042006316	43322.0638021	3	11.1276972657	1	1	1
309.094398898	9467.44287109	2	5.2534944103	1	1	1
310.047054982	19981.8776042	3	9.2710303638	1	1	1
310.974486358	11867.7475586	2	23.0698254983	1	0	0
312.289545487	10668.953125	1	nan	0	0	0
313.051748019	8303.60253906	1	nan	0	0	0
313.947328922	12930.3603516	3	19.8874578368	1	1	1
315.066173347	11153.9135742	2	13.6480569832	1	1	1
316.05515177	12952.3007812	1	nan	0	0	0
316.101810562	11764.8110352	2	8.71932416639	1	1	1
316.200612777	15885.7836914	2	4.31367594939	1	1	1
316.203721702	99641.0885417	3	17.2515971378	1	1	1
316.222700152	9381.24023438	1	nan	0	0	0
316.321014581	49097.4739583	3	10.7349719255	1	1	1
317.029157446	11993.7972005	3	15.2536176711	1	1	1
317.115002745	34007.5768229	3	1.89879478485	1	1	1
317.207083515	17041.0016276	3	25.9597167197	1	0	0
317.324317115	10934.71875	3	17.2941189573	1	1	1
318.118286349	8110.06835938	1	nan	0	0	0
318.201965575	10276.3730469	1	nan	0	0	0
318.213593896	31710.4140625	3	17.3475289242	1	1	1
318.215884197	108384.795573	3	32.1386511021	1	0	0
318.219218764	931218.104167	3	20.8879990729	1	0	0
318.240342311	37490.7864583	3	26.7022865664	1	0	0
318.276667705	11093.460612	3	17.9207269424	1	1	1
319.216686815	8971.10009766	2	2.46929525707	1	1	1
319.219195508	16388.2617188	2	1.62246939799	1	1	1
319.222755537	158058.039062	3	18.2215679735	1	1	1
319.243683451	9017.13427734	2	10.604707585	1	1	1
320.091282561	10034.2558594	3	15.9542529876	1	1	1
320.212425367	8277.11132812	1	nan	0	0	0
320.213871174	10030.2594401	3	11.0037750877	1	1	1
320.217546866	68703.3164062	3	23.2390873051	1	0	0
320.221228301	8480.59814453	2	3.05000528262	1	1	1
320.222335137	16218.6227214	3	25.761263346	1	0	0
320.224870173	29507.9934896	3	30.5485403037	1	0	0
320.22921029	194066.242188	2	8.42750657103	1	1	1
320.231204876	450796.03125	2	7.11182919271	1	1	1
320.234535932	8386930.0	3	19.5311484554	1	1	1
320.237526467	253022.0	1	nan	0	0	0
320.241631219	24105.6077474	3	23.8366157997	1	0	0
320.242579835	13643.2744141	3	18.7724458936	1	1	1
320.244042359	12132.9335938	3	21.2246375622	1	0	0
320.245242778	12575.1621094	2	3.86888495318	1	1	1
320.246568569	10075.894043	2	0.499524337534	1	1	1
320.247759283	9344.35302734	2	17.9476763493	1	1	1
320.248948492	9320.12402344	3	4.13050361919	1	1	1
320.2526043	10200.6500651	3	11.9792774757	1	1	1
320.2557116	75936.4101562	3	24.2961247138	1	0	0
320.965207722	8486.52783203	2	4.99853024172	1	1	1
320.971651432	9465.17773438	1	nan	0	0	0
320.974822395	94115.046875	3	10.2255738993	1	1	1
321.202021748	19249.436849	3	6.40234671549	1	1	1
321.22111168	12917.6435547	2	13.7461957577	1	1	1
321.23218215	51337.4986979	3	14.4523481971	1	1	1
321.234784705	112978.56901	3	31.3424764544	1	0	0
321.238163414	1289680.6875	3	19.1012923142	1	1	1
321.259271261	11522.9199219	3	41.6089585274	1	0	0
321.892513314	13577.0966797	3	9.18793159167	1	1	1
321.977929689	8157.56005859	1	nan	0	0	0
322.054950631	9544.95898438	1	nan	0	0	0
322.070271148	11959.6064453	1	nan	0	0	0
322.227180867	14714.3066406	3	17.5743734705	1	1	1
322.229553796	34013.8378906	3	25.5965510534	1	0	0
322.233113828	420130.114583	3	15.2229277995	1	1	1
322.237968209	14530.5986328	3	24.1178128	1	0	0
322.241701624	97654.8359375	3	20.7496772553	1	0	0
322.250676663	73332.6484375	3	22.1129413858	1	0	0
323.01129294	12333.3027344	1	nan	0	0	0
323.236493541	74704.9583333	3	18.8171832501	1	1	1
323.254037862	12947.3304036	3	5.28024170483	1	1	1
325.177510653	12508.7490234	3	3.4200841099	1	1	1
326.94843902	11459.1575521	3	7.47472937923	1	1	1
326.973005357	8194.34570312	1	nan	0	0	0
327.008276598	7592.89697266	1	nan	0	0	0
328.054663845	21350.1145833	3	5.4240469659	1	1	1
328.067263465	31051.5221354	3	24.6903102054	1	0	0
329.025933194	15801.887207	2	23.2191257318	1	0	0
329.921370691	7962.58984375	1	nan	0	0	0
330.072946758	29335.389974	3	14.7374234296	1	1	1
330.276512734	8618.73339844	1	nan	0	0	0
331.040159266	23851.3346354	3	17.0347807611	1	1	1
332.028900351	19903.860026	3	9.50497591456	1	1	1
332.198583446	11482.2861328	2	18.1054190044	1	1	1
332.243181736	9560.4140625	1	nan	0	0	0
332.255931173	19264.6367188	1	nan	0	0	0
332.292440987	15612.9046224	3	16.5798644009	1	1	1
332.315925592	9998.94335938	3	15.9629267434	1	1	1
332.956389812	8338.45605469	1	nan	0	0	0
333.003093358	8503.14550781	1	nan	0	0	0
334.214275046	81779.2213542	3	12.2102147272	1	1	1
334.235437171	9335.46191406	1	nan	0	0	0
334.250668368	25585.4635417	3	8.86994911718	1	1	1
334.267860914	16273.3867188	1	nan	0	0	0
334.271500498	104365.577799	3	103.893662511	1	0	0
335.217575251	15832.2177734	3	9.06955151457	1	1	1
335.225055942	13041.5234375	1	nan	0	0	0
335.275008595	46806.3632812	1	nan	0	0	0
336.226164675	10617.8642578	1	nan	0	0	0
336.229934388	120155.096354	3	12.2872013962	1	1	1
336.250793307	12189.1280924	3	28.9446308346	1	0	0
336.948738448	65098.6757812	3	14.3936850429	1	1	1
337.233279411	21962.7356771	3	10.5469046545	1	1	1
338.34178096	12006.2226562	3	15.7653992029	1	1	1
338.946903935	9769.84342448	3	5.11272754831	1	1	1
338.985303763	14494.6953125	3	18.7124298894	1	1	1
340.18845613	14663.8815104	3	9.93434052737	1	1	1
342.216935699	10705.6054688	1	nan	0	0	0
342.311531917	9887.72623698	3	13.9492801745	1	1	1
344.999834586	8573.45288086	2	4.95397609974	1	1	1
346.046970202	28191.9251302	3	13.7279741575	1	1	1
346.25074173	10083.6662598	2	20.3847487248	1	0	0
348.070378517	36624.0761719	3	19.1508814867	1	1	1
348.266287706	29125.139974	3	30.7540125147	1	0	0
350.209089753	8463.23535156	2	5.35118982575	1	1	1
350.253982548	32631.1692708	3	19.1023215477	1	1	1
352.224920822	17422.2236328	3	28.1889038954	1	0	0
356.232579481	27424.9707031	1	nan	0	0	0
358.190975919	11673.0146484	1	nan	0	0	0
360.323647339	12379.7711589	3	19.5009859438	1	1	1
365.156867212	8941.11376953	2	6.35527014017	1	1	1
366.022806382	5759.40397135	3	7.26184479326	1	1	1
366.203744356	29596.0917969	3	13.9239977909	1	1	1
366.23125475	8595.04231771	3	11.9337994088	1	1	1
366.96078145	8313.41194661	3	15.3405635731	1	1	1
367.207188327	8339.40771484	2	14.8358400706	1	1	1
368.028790264	5819.49804688	2	15.4046723988	1	1	1
368.111809975	12306.7402344	1	nan	0	0	0
368.212381572	8217.60424805	2	1.6439702695	1	1	1
368.215232692	16475.0332031	2	18.9533831791	1	1	1
368.219300712	275930.03125	3	20.942437921	1	0	0
368.232324778	6327.50976562	1	nan	0	0	0
369.22284708	57646.6575521	3	17.5547472618	1	1	1
369.310845089	16999.7161458	3	27.2566874678	1	0	0
369.98449427	9856.09765625	3	10.9063918205	1	1	1
370.052038414	39859.1634115	3	20.2198489932	1	0	0
370.190740372	4890.78515625	1	nan	0	0	0
370.217641589	20764.1259766	3	16.4242135254	1	1	1
370.226157799	6797.65673828	1	nan	0	0	0
370.243735372	6473.39941406	1	nan	0	0	0
370.247972191	65264.2490234	3	78.444776355	1	0	0
370.31417498	5703.0559082	2	2.53210687441	1	1	1
370.378763697	6829.56103516	2	1.02687213737	1	1	1
371.055496754	6016.21679688	1	nan	0	0	0
371.251429586	17318.1274414	2	51.2740457644	1	0	0
371.31938407	5887.7890625	1	nan	0	0	0
371.322381808	10986.1113281	1	nan	0	0	0
371.326425954	162840.794271	3	18.5235042881	1	1	1
372.206293286	53947.515625	3	57.6314569108	1	0	0
372.245130125	22251.3476562	3	78.3774407799	1	0	0
372.310559603	5537.01489258	2	16.2584035274	1	1	1
372.329864689	34102.7792969	3	15.3556400914	1	1	1
373.037726283	13413.4648438	3	13.542930776	1	1	1
373.209623425	13997.5561523	2	33.7836909659	1	0	0
373.244303633	14419.2916667	3	3.43365591784	1	1	1
373.248337206	10300.6455078	1	nan	0	0	0
373.342050979	5229.80322266	1	nan	0	0	0
374.191686987	5652.8894043	2	11.0690376944	1	1	1
374.20326433	21316.6984049	3	57.083101175	1	0	0
374.904151117	5114.48925781	1	nan	0	0	0
375.003530233	5187.89794922	1	nan	0	0	0
375.206889283	5350.99462891	1	nan	0	0	0
376.078233999	8317.97167969	1	nan	0	0	0
376.29318954	9075.23535156	1	nan	0	0	0
376.297279068	87168.2434896	3	31.651363977	1	0	0
377.300606241	22008.3577474	3	45.5629032243	1	0	0
378.27665178	8564.24902344	1	nan	0	0	0
378.295368248	6334.23461914	2	27.0076864447	1	0	0
378.312781144	9526.27294922	3	65.0641638033	1	0	0
379.130181016	11614.8623047	1	nan	0	0	0
379.199065415	7057.33170573	3	15.5207136197	1	1	1
380.276870528	6698.11572266	1	nan	0	0	0
381.088720123	7306.16178385	3	1.10407036455	1	1	1
381.996713063	8211.78157552	3	22.7786638194	1	0	0
382.234991777	5875.48632812	1	nan	0	0	0
382.274644198	4692.82714844	2	1.42785646729	1	1	1
383.103117545	7274.20035807	3	11.1462485253	1	1	1
383.115612814	30646.6074219	3	15.0643169883	1	1	1
384.002629763	7616.09635417	3	25.5128970449	1	0	0
384.11901765	4525.23022461	2	0.531843408563	1	1	1
384.20631763	21422.9804688	2	42.366103281	1	0	0
385.118708085	5281.1328125	1	nan	0	0	0
385.20978709	5381.35546875	1	nan	0	0	0
385.316946721	42816.6484375	3	12.2500963182	1	1	1
385.342115647	6699.3211263	3	10.4687887957	1	1	1
385.958455384	6094.3515625	2	7.53458472689	1	1	1
386.025873494	111244.838542	3	3.89549387696	1	1	1
386.203485963	6445.78295898	2	21.512425968	1	0	0
386.213971397	7729.59008789	2	29.5690601013	1	0	0
386.217182322	13200.7304688	1	nan	0	0	0
386.221790031	265388.572917	3	62.3490146329	1	0	0
386.320385915	8173.14453125	3	14.0310485581	1	1	1
386.326197461	14432.4794922	1	nan	0	0	0
387.029155286	11525.7770182	3	2.53724492283	1	1	1
387.077238063	6399.484375	1	nan	0	0	0
387.179947585	9793.54785156	3	47.0687620156	1	0	0
387.220687504	5513.97607422	1	nan	0	0	0
387.22523687	48271.7828776	3	63.0587545465	1	0	0
387.321166091	6424.4765625	2	5.45439773182	1	1	1
387.332635194	35710.2981771	3	11.4717145872	1	1	1
388.024022314	7362.56738281	3	3.21920323992	1	1	1
388.214178369	8522.58105469	1	nan	0	0	0
388.218912264	78624.827474	3	62.3453712858	1	0	0
388.228700499	8471.5234375	1	nan	0	0	0
388.305501096	6157.86035156	2	3.46851688066	1	1	1
388.336038199	8295.50878906	3	14.9879517964	1	1	1
389.015090992	5227.91699219	1	nan	0	0	0
389.179102591	6831.24682617	2	14.4798393269	1	1	1
389.22230614	20771.4824219	2	31.238714738	1	0	0
390.172274815	6677.35107422	1	nan	0	0	0
390.217023378	10903.5957031	1	nan	0	0	0
390.977649938	5850.81005859	2	2.88270546137	1	1	1
391.28396767	7291.77750651	3	9.23063262327	1	1	1
391.342725323	9041.02652995	3	14.0252385582	1	1	1
392.034041344	8178.28369141	2	36.8311956595	1	0	0
392.052347729	15344.5117188	1	nan	0	0	0
392.105446774	4921.22802734	1	nan	0	0	0
392.264094746	9305.73535156	3	7.88498634632	1	1	1
392.292054641	8078.15966797	1	nan	0	0	0
393.08288192	7378.62044271	3	31.0573620188	1	0	0
393.308330843	18141.7360026	3	14.42257843	1	1	1
393.321992132	15648.4124349	3	3.88547351036	1	1	1
393.358439401	43673.2877604	3	5.73291821831	1	1	1
394.102361758	5890.68391927	3	15.6371566854	1	1	1
394.279782162	62936.6419271	3	11.6437395266	1	1	1
394.311786201	4948.78759766	1	nan	0	0	0
394.361771697	11015.7233073	3	15.0940523174	1	1	1
395.019674807	5223.21044922	1	nan	0	0	0
395.125136907	16147.1559245	3	13.5230894877	1	1	1
395.280080882	5132.02929688	1	nan	0	0	0
395.283452552	12181.0126953	3	7.5085860012	1	1	1
395.323983701	8070.06575521	3	15.111522458	1	1	1
395.332665594	5480.37353516	2	13.1175301068	1	1	1
395.337601256	114621.385417	3	14.763831318	1	1	1
396.128575297	4526.42822266	1	nan	0	0	0
396.250665126	15430.3785807	3	50.5553585413	1	0	0
396.277464594	7279.43294271	3	17.6392243767	1	1	1
396.307968631	38578.5690104	3	11.7358956545	1	1	1
396.340968507	26377.8522135	3	9.42396798908	1	1	1
397.279476275	6872.94580078	3	23.5999753606	1	0	0
397.311285512	8378.02050781	3	2.42756455255	1	1	1
397.341905369	13322.5999349	3	13.1582594333	1	1	1
398.020161752	5538.33658854	3	8.04073925537	1	1	1
398.032782551	8662.07910156	3	21.6150522789	1	0	0
398.922661352	5789.43701172	1	nan	0	0	0
399.089531855	8176.45117188	3	19.5121511514	1	1	1
399.144148496	13049.6266276	3	7.97328738069	1	1	1
399.332475197	14762.6038411	3	19.8661159738	1	1	1
399.357751782	27087.0657552	3	17.6957437946	1	1	1
400.157079317	44152.4856771	3	5.95095796434	1	1	1
400.200913959	5031.61962891	1	nan	0	0	0
400.316578759	11133.7273763	3	24.0509976332	1	0	0
400.341992549	6235.86376953	1	nan	0	0	0
400.361105538	6370.30615234	3	24.1219582733	1	0	0
401.160483144	6235.42724609	3	10.6828290362	1	1	1
401.244162374	6148.08154297	2	13.3929767694	1	1	1
401.348366648	6230.7430013	3	15.5893121674	1	1	1
402.224986025	10648.9501953	3	27.2827370154	1	0	0
402.331998933	6280.1953125	1	nan	0	0	0
402.357383099	6961.66129557	3	6.84734976329	1	1	1
403.083280846	8466.56665039	2	26.8859069611	1	0	0
404.195979284	9597.6476237	3	10.6686387368	1	1	1
404.206360261	10776.3499349	3	40.7937898412	1	0	0
404.326578543	9495.93717448	3	10.8790700826	1	1	1
405.106298943	7019.85823568	3	18.5270108127	1	1	1
407.293443118	14919.0595703	3	28.8454295273	1	0	0
407.299077216	4724.55566406	1	nan	0	0	0
408.007824829	18503.7747396	3	23.3834616522	1	0	0
408.020513804	11011.625	3	4.97762222053	1	1	1
408.033410136	5882.56347656	1	nan	0	0	0
408.079294118	5239.37386068	3	9.60348346222	1	1	1
408.302479964	5610.52246094	1	nan	0	0	0
408.308004576	71676.5664062	3	43.506954569	1	0	0
408.951020797	9483.02571615	3	8.65017872594	1	1	1
409.056824241	14861.641276	3	13.5694508585	1	1	1
409.161788814	60817.4322917	3	25.1586916861	1	0	0
409.182993694	18925.1953125	2	0.839200388041	1	1	1
409.311449829	15776.2986654	3	47.821060407	1	0	0
409.317119148	8505.83284505	3	32.8370682532	1	0	0
410.165172208	14996.4739583	3	23.2348249946	1	0	0
410.257419002	12617.3548177	3	21.7840768525	1	0	0
410.993717722	5572.86254883	2	16.0435538692	1	1	1
411.028500123	4625.63330078	1	nan	0	0	0
411.332542536	53254.3059896	3	28.0979522396	1	0	0
411.357875553	5476.03320312	2	12.1629444215	1	1	1
412.335946717	9899.78613281	3	22.9763863307	1	0	0
413.265827245	9159.89038086	2	23.4822087453	1	0	0
413.34270348	6723.01464844	1	nan	0	0	0
413.348222583	89266.0742188	3	46.2430744453	1	0	0
413.373396211	39105.3834635	3	12.9920499084	1	1	1
414.006855289	8904.6258138	3	10.4020728381	1	1	1
414.351588531	12011.4926758	2	8.74834758069	1	1	1
414.376663709	9530.38509115	3	14.1378186619	1	1	1
415.156814437	27464.6549479	3	9.60502594245	1	1	1
416.084258249	23720.6992188	3	14.4379965875	1	1	1
416.140701238	4752.15429688	1	nan	0	0	0
416.160004131	5015.84863281	1	nan	0	0	0
416.274329681	17152.0061849	3	22.8526728407	1	0	0
417.319628676	16204.7630208	3	27.9886243339	1	0	0
419.057202241	9795.0608724	3	2.9384283281	1	1	1
419.087188895	7774.15332031	2	21.0900930856	1	0	0
419.31111558	7826.37060547	3	18.0354987188	1	1	1
419.323783331	8558.31835938	2	0.335816373827	1	1	1
421.339641695	9931.51757812	2	18.049967974	1	1	1
422.139143391	8347.44986979	3	24.1109794772	1	0	0
422.266454815	8135.61132812	1	nan	0	0	0
423.981723311	14827.0221354	3	9.82220213441	1	1	1
424.007117705	4584.71142578	1	nan	0	0	0
424.219680353	4776.66992188	1	nan	0	0	0
424.272614807	7337.09033203	1	nan	0	0	0
424.281798389	210862.018229	3	72.0666675323	1	0	0
425.123785382	15665.9423828	1	nan	0	0	0
425.125858974	11270.8969727	3	37.8986386077	1	0	0
425.135352695	746926.489583	3	41.5660395322	1	0	0
425.279801859	5046.5078125	1	nan	0	0	0
425.285285043	43632.2421875	3	79.7053426322	1	0	0
425.960403148	5886.43603516	1	nan	0	0	0
426.12916078	4957.31933594	1	nan	0	0	0
426.133624182	6850.74316406	1	nan	0	0	0
426.138904327	157072.0	3	42.5981995443	1	0	0
426.280088232	13946.6835938	2	55.7236949532	1	0	0
426.289018972	6790.08300781	1	nan	0	0	0
427.002194752	4873.99023438	2	1.9585787601	1	1	1
427.133832043	43224.8424479	3	35.3581242327	1	0	0
427.138261228	8930.13183594	1	nan	0	0	0
427.142904524	13391.3929036	3	32.3281086871	1	0	0
428.137081444	13172.9619141	2	23.2464284345	1	0	0
428.373021629	5551.7199707	2	6.19258838396	1	1	1
429.239744762	12990.8291016	3	15.1681483376	1	1	1
429.262775471	12098.9358724	3	15.6884693716	1	1	1
430.015185706	8156.98535156	1	nan	0	0	0
430.388463757	8778.54589844	1	nan	0	0	0
435.061156488	7547.10498047	2	12.6426077466	1	1	1
435.330092212	26164.8014323	3	6.90371550816	1	1	1
435.988652244	6227.9140625	3	6.47191272813	1	1	1
436.333283326	6261.23421224	3	12.1387511964	1	1	1
437.138531968	11250.7278646	3	10.1385173621	1	1	1
437.313188985	5063.375	3	10.6981685565	1	1	1
437.333852666	4365.69824219	1	nan	0	0	0
437.348046507	4273.98730469	1	nan	0	0	0
438.066230523	7037.98583984	3	17.0258575274	1	1	1
438.112912769	7929.91129557	3	21.2380947186	1	0	0
438.269489169	5016.87451172	1	nan	0	0	0
438.281787151	4504.94189453	1	nan	0	0	0
440.193479687	10546.5644531	3	11.0758756471	1	1	1
440.285185563	11353.6806641	3	17.2581140675	1	1	1
440.298841888	4032.45751953	1	nan	0	0	0
440.933115725	5960.95385742	2	23.394664669	1	0	0
441.038783933	4715.57177734	1	nan	0	0	0
441.069103951	5017.2265625	1	nan	0	0	0
441.934094761	4475.31347656	1	nan	0	0	0
442.043372197	4394.89013672	1	nan	0	0	0
442.300364275	4087.82055664	1	nan	0	0	0
442.976174475	7828.34749349	3	27.3282060364	1	0	0
443.053636828	4373.375	1	nan	0	0	0
443.062240546	4127.54980469	1	nan	0	0	0
443.233466161	15000.3854167	3	16.4762044009	1	1	1
443.322328684	7395.09944661	3	15.1645135189	1	1	1
444.342626876	5265.67480469	3	16.4254169213	1	1	1
445.061402709	8171.1875	3	17.8527031612	1	1	1
445.119571872	5409.19702148	2	2.92343800487	1	1	1
445.242453948	7182.88655599	3	12.0420706857	1	1	1
445.249047851	110596.294271	3	19.6477353634	1	1	1
445.338060979	4719.38785807	3	12.805241558	1	1	1
445.980593387	6932.39013672	1	nan	0	0	0
445.988952258	40598.2070312	3	11.1359974388	1	1	1
446.252569337	23508.9160156	3	16.9346833981	1	1	1
446.906693104	5751.07543945	2	18.8889985547	1	1	1
446.992460935	4170.49560547	2	2.29899282007	1	1	1
447.248013302	6553.05525716	3	27.1421676982	1	0	0
447.342272054	5096.4375	1	nan	0	0	0
447.357773199	9185.04296875	3	24.0062542022	1	0	0
448.222189585	9341.27783203	3	34.7233922191	1	0	0
448.313730938	4515.45458984	1	nan	0	0	0
448.375533194	6046.82503255	3	13.9363114613	1	1	1
448.961903382	10373.9160156	3	11.2077984569	1	1	1
449.288501359	4280.65283203	2	8.09579164612	1	1	1
450.005626829	8536.0008138	3	12.4809086395	1	1	1
450.193284649	5735.58984375	2	3.01160653295	1	1	1
450.317365466	6411.89322917	3	10.2813100194	1	1	1
450.32968575	32014.5950521	3	5.20215324678	1	1	1
451.069441719	5892.66536458	3	36.2010997703	1	0	0
451.257189161	9841.89176432	3	32.8525660618	1	0	0
451.304487607	6377.18115234	3	10.3402266483	1	1	1
451.313729228	6870.39257812	3	11.1518151288	1	1	1
451.333135822	6716.03059896	3	9.09439624404	1	1	1
451.962488051	6454.85522461	2	8.34949028308	1	1	1
451.987239764	5380.36279297	3	4.56433110694	1	1	1
451.997070716	7993.82861328	1	nan	0	0	0
452.043958382	8598.92431641	3	6.10990919696	1	1	1
452.190462813	4036.80712891	1	nan	0	0	0
452.313106816	12677.6074219	1	nan	0	0	0
452.370411944	4855.66764323	3	12.3846329686	1	1	1
453.068895698	10812.8365885	3	15.8065469524	1	1	1
453.081507472	8079.60725911	3	16.0258033671	1	1	1
453.112547543	15835.5130208	3	12.3962285725	1	1	1
453.13084255	4288.79394531	1	nan	0	0	0
453.209115829	15000.9018555	3	48.7657188279	1	0	0
454.040100527	26333.110026	3	1.18451156076	1	1	1
454.99594589	4975.3972168	2	8.91316927772	1	1	1
455.043356586	3980.36791992	1	nan	0	0	0
455.074350942	4419.13757324	2	8.99494842421	1	1	1
455.087013913	4374.2019043	2	3.45240992902	1	1	1
456.041995422	5376.91064453	1	nan	0	0	0
456.115754173	4033.72021484	1	nan	0	0	0
456.167277518	5821.36621094	3	9.4287565497	1	1	1
456.27308691	6859.54085286	3	4.93072347915	1	1	1
456.292825397	6015.50260417	3	13.9788194725	1	1	1
456.907189124	11356.7428385	3	2.38796560965	1	1	1
457.013083809	7408.29964193	3	8.17758364952	1	1	1
457.030849042	3991.7668457	1	nan	0	0	0
457.043011915	11221.9388021	3	9.10285156769	1	1	1
457.27085302	4699.19824219	1	nan	0	0	0
457.374393051	6701.33463542	3	28.3650011541	1	0	0
457.97052683	4217.31982422	2	0.427297633654	1	1	1
458.017231819	4633.70751953	2	8.97999996417	1	1	1
458.077139607	4751.74023438	1	nan	0	0	0
458.308378459	8364.93652344	3	10.7530665356	1	1	1
459.035417701	4261.80712891	1	nan	0	0	0
459.120334589	5429.68310547	1	nan	0	0	0
459.279808888	4346.11181641	2	3.01337952824	1	1	1
459.317164579	12750.2360026	3	9.98539499778	1	1	1
460.070579277	7239.54915365	3	1.42690621636	1	1	1
460.094697424	7003.13061523	2	6.53663785898	1	1	1
460.243246659	4723.96728516	1	nan	0	0	0
460.943190461	4329.7734375	1	nan	0	0	0
461.332748526	67698.4791667	3	9.68625876054	1	1	1
461.358157385	4614.83984375	1	nan	0	0	0
461.962834666	43442.1158854	3	18.2193660206	1	1	1
462.336273426	13888.4303385	3	16.2508114708	1	1	1
462.966265375	4497.55566406	1	nan	0	0	0
463.069265076	9933.7578125	3	10.5026454713	1	1	1
463.35300208	4611.12695312	1	nan	0	0	0
463.961397448	5436.23754883	2	2.61803330865	1	1	1
464.935879818	4111.70361328	1	nan	0	0	0
465.31985103	8385.37866211	2	38.9640537288	1	0	0
465.365616209	19366.9980469	3	10.1444580341	1	1	1
465.991750295	4747.85009766	1	nan	0	0	0
466.303658669	8144.44287109	3	12.7904646511	1	1	1
466.369149166	4938.29882812	3	7.88323069483	1	1	1
467.043336244	13594.7903646	3	12.8247120313	1	1	1
467.101500712	10696.5566406	3	21.0336662898	1	0	0
467.231087245	20116.3763021	3	4.5459026018	1	1	1
467.287733292	4700.50537109	1	nan	0	0	0
467.308091307	4150.37548828	1	nan	0	0	0
467.961591976	4604.68847656	1	nan	0	0	0
467.970867345	15018.4475911	3	27.7999576471	1	0	0
468.01790197	8009.76171875	2	3.5361026755	1	1	1
468.027601365	4778.95605469	1	nan	0	0	0
468.100718794	4106.43261719	1	nan	0	0	0
468.234546685	4510.64615885	3	9.76111641714	1	1	1
468.888607691	4630.06762695	2	13.7993278796	1	1	1
469.055225924	9427.39648438	3	7.44604148907	1	1	1
469.324202384	12245.5244141	3	5.39636909422	1	1	1
469.410579083	13399.4420573	3	34.0656054881	1	0	0
470.013836417	12702.2688802	3	32.7212518979	1	0	0
470.251100177	7727.79785156	1	nan	0	0	0
470.414028808	4565.57910156	1	nan	0	0	0
471.061009081	9366.49788411	3	15.6062939762	1	1	1
471.132819827	24977.0527344	3	19.5040369996	1	1	1
472.13603112	4058.7791748	2	1.45103151718	1	1	1
472.311587506	5841.42773438	1	nan	0	0	0
472.881079727	6461.38110352	2	6.7568856839	1	1	1
473.017117556	6586.14404297	3	17.9563170426	1	1	1
473.084432343	4813.89794922	2	9.32916909384	1	1	1
473.134665797	6435.12809245	3	3.210727607	1	1	1
473.944224717	5107.95068359	3	9.65379329311	1	1	1
474.1229828	4407.71972656	1	nan	0	0	0
475.094457666	6063.30794271	3	11.2590847007	1	1	1
475.279837321	4740.05566406	1	nan	0	0	0
475.373388719	10117.4757487	3	80.0787749639	1	0	0
476.022078972	5048.50195312	1	nan	0	0	0
476.069154978	4475.4251709	2	12.0228325897	1	1	1
476.227388512	16741.2389323	3	52.902146497	1	0	0
476.332479525	12452.1197917	3	17.4835270157	1	1	1
477.068912238	3955.6184082	1	nan	0	0	0
477.230642489	6569.48486328	2	23.9268695039	1	0	0
477.259844586	4162.90673828	1	nan	0	0	0
479.025149896	4580.81542969	1	nan	0	0	0
479.139355396	4438.49462891	2	6.81673792967	1	1	1
479.335284472	26741.8590495	3	50.8456884794	1	0	0
480.338691968	8799.05297852	2	7.34642436024	1	1	1
481.332387954	10872.3725586	2	7.64482923968	1	1	1
483.017333623	9693.23681641	3	22.5701282406	1	0	0
483.075251227	21899.1188151	3	20.9269314712	1	0	0
483.314694587	5356.43774414	2	5.31359456342	1	1	1
483.944775946	24984.2545573	3	8.38524977652	1	1	1
484.001877742	4683.69580078	2	5.98582662242	1	1	1
484.074713151	6035.78450521	3	9.2447449755	1	1	1
484.311420624	21234.7919922	3	16.2482671861	1	1	1
484.323821946	67274.140625	3	14.3695012998	1	1	1
485.063749104	7025.33040365	3	20.9146861757	1	0	0
485.072000084	5052.18579102	2	9.05146108586	1	1	1
485.315143423	4654.56225586	2	6.80076099312	1	1	1
485.327389661	12983.4567057	3	13.154485992	1	1	1
486.326895315	8990.61686198	3	17.5259682158	1	1	1
487.326539854	7430.91455078	1	nan	0	0	0
487.973905042	4808.13598633	2	16.073417834	1	1	1
489.025428885	6770.76806641	2	28.5275129695	1	0	0
491.99580541	5365.26741536	3	1.60711334744	1	1	1
492.256598678	4764.70410156	3	5.37855568114	1	1	1
493.042976914	5912.97135417	3	16.1515658333	1	1	1
493.203959951	4712.27539062	1	nan	0	0	0
495.054340172	3933.72314453	1	nan	0	0	0
495.066219727	9228.73714193	3	25.9738338041	1	0	0
497.235221924	10831.4651693	3	46.7445927901	1	0	0
499.918551303	8337.89046224	3	22.0293591344	1	0	0
500.238422731	14974.8105469	3	44.6104500536	1	0	0
501.241929245	4658.02099609	1	nan	0	0	0
505.26231407	4543.70458984	1	nan	0	0	0
511.041352849	5947.39371745	3	21.4354593228	1	0	0
515.413345168	42109.4166667	3	7.90302077844	1	1	1
516.416847505	13865.0833333	3	9.1824561012	1	1	1
517.012354966	5724.25390625	3	15.3671984891	1	1	1
517.396490584	28389.4254557	3	60.1003360037	1	0	0
518.234064956	4152.34912109	1	nan	0	0	0
518.250068376	61316.3710938	3	54.0814684169	1	0	0
518.399810992	7207.21785482	3	50.6752132002	1	0	0
519.253356611	16491.6595052	3	41.1486046895	1	0	0
519.295236161	7908.9609375	3	17.6254471786	1	1	1
525.33815261	5510.72607422	2	22.4015186293	1	0	0
525.387940262	5919.16389974	3	20.5161553115	1	0	0
526.24148652	5030.17480469	1	nan	0	0	0
527.182419327	10409.9316406	1	nan	0	0	0
527.183609522	15423.5131836	2	22.3751086471	1	0	0
527.240095674	4441.65039062	1	nan	0	0	0
528.186352023	8412.88085938	1	nan	0	0	0
529.470745063	7426.04410807	3	29.3018643621	1	0	0
530.316801899	4933.40917969	1	nan	0	0	0
530.3181903	5420.63476562	1	nan	0	0	0
531.408105241	10601.7130534	3	41.9996695036	1	0	0
531.486220206	16283.1279297	3	17.7263770847	1	1	1
532.290865793	3936.4765625	1	nan	0	0	0
532.39603696	6721.99064128	3	49.7194282843	1	0	0
532.411203237	4252.84716797	1	nan	0	0	0
532.439745605	24258.0286458	3	18.6063371806	1	1	1
532.489610357	6198.89567057	3	15.4027344282	1	1	1
533.023122628	6881.58919271	3	15.4562962418	1	1	1
533.250053666	9085.34016927	3	51.333346683	1	0	0
533.442329176	8265.68945312	1	nan	0	0	0
533.443519189	8381.92773438	2	13.8336478664	1	1	1
534.254050708	4193.49902344	1	nan	0	0	0
535.520007774	23687.4420573	3	17.1355264755	1	1	1
536.523616107	8314.93212891	3	20.0531065952	1	0	0
537.169163126	5545.46166992	2	22.272642444	1	0	0
537.378467796	24176.2701823	3	14.7043501384	1	1	1
537.394308946	766536.041667	3	23.7440297514	1	0	0
537.402520869	21517.5683594	1	nan	0	0	0
537.535842408	19532.7083333	3	10.9771812389	1	1	1
538.381716343	9130.79541016	3	20.2321025836	1	0	0
538.389371725	11734.0	2	17.6519289565	1	1	1
538.398217406	217016.463542	3	23.7575668381	1	0	0
538.539038696	8323.2828776	3	25.2372200287	1	0	0
539.354035071	6328.02734375	1	nan	0	0	0
539.380794409	4682.48925781	1	nan	0	0	0
539.390862709	28137.8255208	3	20.8305690252	1	0	0
539.40203968	30804.5696615	3	21.9860445555	1	0	0
540.394578797	8536.34261068	3	14.3890062146	1	1	1
541.09936577	5785.52758789	2	11.4437497492	1	1	1
541.121267035	5992.05810547	2	8.50500764562	1	1	1
541.26270182	7553.18554688	2	11.285477904	1	1	1
541.361714585	6727.90087891	1	nan	0	0	0
542.215527017	7864.46508789	2	33.0954986316	1	0	0
543.178447963	8888.91040039	2	20.3424968518	1	0	0
543.218729556	4591.02490234	1	nan	0	0	0
544.311011303	4510.93603516	1	nan	0	0	0
545.407250662	13707.6796875	1	nan	0	0	0
545.423676876	180763.924479	3	92.4549844287	1	0	0
545.444557634	6893.484375	1	nan	0	0	0
545.445738208	5535.63208008	2	12.01357999	1	1	1
545.501940389	9784.30940755	3	13.5744565455	1	1	1
546.306615683	8397.54036458	3	47.2871104677	1	0	0
546.410333914	4782.40625	1	nan	0	0	0
546.427222305	56749.7447917	3	96.5648614746	1	0	0
546.505210486	4958.68457031	1	nan	0	0	0
547.419241214	15664.8525391	1	nan	0	0	0
547.43104058	10204.6551107	3	55.6033829047	1	0	0
547.46026064	15195.6464844	3	9.98627712504	1	1	1
548.26873675	7443.3828125	1	nan	0	0	0
548.276024138	6683.93969727	2	12.3355209149	1	1	1
548.285674556	112034.223958	3	43.2510158627	1	0	0
548.345072323	4265.22668457	2	12.585856446	1	1	1
548.464077839	5225.67008464	3	22.7456053884	1	0	0
548.997207697	6059.98779297	2	14.5088392379	1	1	1
549.289303503	36197.9036458	3	41.7593546659	1	0	0
549.298682419	6798.11816406	1	nan	0	0	0
549.375572235	3650.68261719	1	nan	0	0	0
549.475161178	4668.60351562	1	nan	0	0	0
549.535954457	6699.37027995	3	24.8770621731	1	0	0
550.116526025	4261.09033203	1	nan	0	0	0
550.291026447	4231.61474609	1	nan	0	0	0
550.292327178	6038.48120117	2	19.9135557154	1	1	1
550.360362737	34551.9023438	3	5.65788358943	1	1	1
551.099896607	4056.99291992	1	nan	0	0	0
551.363381712	9004.48665365	3	18.5760912255	1	1	1
551.551535077	4938.5736084	2	22.4617125504	1	0	0
553.320656016	4485.72363281	1	nan	0	0	0
553.328352786	4321.73901367	2	11.473319473	1	1	1
553.331884964	4541.44604492	2	18.7319072929	1	1	1
553.335572772	5111.06005859	2	11.3033727122	1	1	1
553.348347415	57801.5078125	2	4.73629918553	1	1	1
553.350489461	95896.1328125	1	nan	0	0	0
553.367525404	3906345.0	3	21.8967172207	1	0	0
553.3763757	115865.835938	3	24.4139234402	1	0	0
553.388715469	65550.4544271	3	75.8818640991	1	0	0
553.399593814	4765.25927734	2	17.9088538659	1	1	1
554.077161755	4561.37597656	1	nan	0	0	0
554.279039882	5737.73323568	3	11.8906691327	1	1	1
554.291130338	7212.11157227	2	7.70170173742	1	1	1
554.292405179	4543.44189453	1	nan	0	0	0
554.35436157	34194.3164062	1	nan	0	0	0
554.355486364	24551.0507812	2	5.16748503477	1	1	1
554.371493525	1175994.29167	3	16.8420710634	1	1	1
554.380801119	44586.9140625	1	nan	0	0	0
554.390385991	4374.46142578	1	nan	0	0	0
554.393027455	26101.4277344	2	47.3385488147	1	0	0
554.395327503	5246.34179688	1	nan	0	0	0
555.030788777	4664.22753906	1	nan	0	0	0
555.34815228	8557.04231771	3	29.4709010221	1	0	0
555.35522359	13648.1884766	2	29.1982645648	1	0	0
555.36658449	276506.973958	3	18.7868534062	1	1	1
555.374105721	161290.59375	3	19.3284771662	1	1	1
555.397429163	4568.18310547	1	nan	0	0	0
555.486422511	7445.67643229	3	21.163745836	1	0	0
556.205835482	6470.75927734	1	nan	0	0	0
556.35825076	6235.62402344	1	nan	0	0	0
556.370129689	67943.5950521	3	17.2096279742	1	1	1
557.073655862	9794.55794271	3	6.03025576151	1	1	1
557.095065727	16773.2399089	3	11.8652222338	1	1	1
557.363772174	7715.82568359	3	14.1458834602	1	1	1
557.372573951	9934.97119141	3	22.8215557684	1	0	0
557.48375681	4388.91760254	2	14.0183600646	1	1	1
557.491692019	4875.47265625	1	nan	0	0	0
557.502027472	113252.677083	3	21.5641127673	1	0	0
558.094293316	6542.32470703	2	14.7719615087	1	1	1
558.505378686	37631.1230469	3	29.1668999274	1	0	0
559.09245318	5273.47851562	3	2.34239602304	1	1	1
559.151276647	17913.8125	3	18.5981456792	1	1	1
559.507184835	8667.5546875	1	nan	0	0	0
559.517367312	60735.6158854	3	24.1794690221	1	0	0
560.154168717	4709.47851562	2	0.629029803177	1	1	1
560.521139909	20828.1341146	3	29.445847577	1	0	0
561.15306222	4679.80354818	3	2.41302164629	1	1	1
561.535872932	48201.0364583	3	14.6678011273	1	1	1
562.539324502	16559.4078776	3	23.5424950524	1	0	0
563.532605738	8715.72721354	3	27.8002353281	1	0	0
563.551031912	264250.416667	3	23.9260522228	1	0	0
564.277333769	5218.44873047	1	nan	0	0	0
564.278987576	6674.20117188	2	3.70051747181	1	1	1
564.554784634	83115.6106771	3	21.4096800269	1	0	0
565.55844966	13844.2200521	3	17.940983942	1	1	1
565.56697663	6064.34228516	1	nan	0	0	0
569.344962141	8703.65641276	3	40.762293201	1	0	0
569.363791871	218723.130208	3	45.8163964145	1	0	0
570.348759453	4723.68505859	1	nan	0	0	0
570.367541059	62920.985026	3	44.1043801232	1	0	0
571.362031195	13581.7740885	3	55.4638450179	1	0	0
571.370976444	6823.23095703	1	nan	0	0	0
572.365318935	5397.29345703	2	14.2774015875	1	1	1
581.25705197	3853.24853516	1	nan	0	0	0