mz	intensity	present	rsd	present_flag	rsd_flag	flags
96.9686250231	10009.9042969	2	0.354570697655	1	1	1
97.0049868068	20418.0657552	3	28.2286964438	1	0	0
98.995500635	43612.5546875	3	10.8192688514	1	1	1
101.328540785	11872.8232422	1	nan	0	0	0
101.726715437	10040.6972656	1	nan	0	0	0
101.727058144	11741.4658203	1	nan	0	0	0
101.73447751	10142.0263672	1	nan	0	0	0
101.734766402	15125.7939453	1	nan	0	0	0
101.736097156	12060.2949219	1	nan	0	0	0
101.736664018	12587.3544922	1	nan	0	0	0
101.736971215	15598.3222656	1	nan	0	0	0
101.738857092	12504.6157227	2	20.2559304957	1	0	0
101.739147642	11781.9111328	1	nan	0	0	0
101.739395028	12576.965332	2	13.5179738039	1	1	1
101.740006503	12461.2871094	1	nan	0	0	0
101.740471618	12362.9765625	1	nan	0	0	0
101.741001539	10508.8037109	1	nan	0	0	0
101.741320692	10140.2874349	3	1.74344045278	1	1	1
101.741567757	11671.4794922	1	nan	0	0	0
101.742381857	10269.1298828	1	nan	0	0	0
101.742613587	10485.1826172	1	nan	0	0	0
101.743000315	10679.1923828	1	nan	0	0	0
101.743301858	11188.8056641	1	nan	0	0	0
101.743974082	18332.6259766	2	8.70099089583	1	1	1
101.744448673	19974.2207031	1	nan	0	0	0
101.744903451	13062.1552734	1	nan	0	0	0
101.745711132	12895.3149414	2	1.86171281244	1	1	1
101.745971335	14397.5302734	1	nan	0	0	0
101.74637347	15000.1098633	2	3.78057452379	1	1	1
101.746775739	11172.1191406	2	10.1801971111	1	1	1
101.747358957	13577.0541992	2	7.80176960877	1	1	1
101.747713625	12252.7666016	1	nan	0	0	0
101.748149379	12571.8310547	1	nan	0	0	0
101.748502981	14922.4477539	2	22.7408646913	1	0	0
101.748928674	14760.7604167	3	24.1813791875	1	0	0
101.749449557	10873.0849609	1	nan	0	0	0
101.749742653	14050.7451172	2	16.9355662091	1	1	1
101.750119407	13832.1557617	2	9.91660446434	1	1	1
101.750609713	12466.765625	1	nan	0	0	0
101.750865098	22472.7988281	1	nan	0	0	0
101.751535158	15816.0507812	2	15.9825646859	1	1	1
101.751919385	12339.3334961	2	9.77426060867	1	1	1
101.7525637	12049.1845703	1	nan	0	0	0
101.752842601	12935.0888672	1	nan	0	0	0
101.753169389	14386.0727539	2	0.278470961753	1	1	1
101.753562861	22978.186849	3	11.7111094579	1	1	1
101.753831763	13210.1210938	1	nan	0	0	0
101.754222437	14620.3935547	2	17.9888590711	1	1	1
101.754559823	19301.9472656	3	32.4679272884	1	0	0
101.754957947	13375.2685547	1	nan	0	0	0
101.755325466	16819.887207	2	11.9770068501	1	1	1
101.755614271	23792.8730469	2	23.9715378924	1	0	0
101.755996529	15200.9833984	2	29.2193459677	1	0	0
101.756369316	16272.4511719	3	15.8135421265	1	1	1
101.756631934	12604.7998047	1	nan	0	0	0
101.756884803	17539.1308594	1	nan	0	0	0
101.757093548	20001.7617188	1	nan	0	0	0
101.757322056	12684.9746094	1	nan	0	0	0
101.75785707	18010.046224	3	9.80320214173	1	1	1
101.758247466	17153.3916016	2	1.45067999433	1	1	1
101.758506857	25084.5664062	2	21.7631016582	1	0	0
101.758727602	16322.484375	1	nan	0	0	0
101.759030245	15523.0358073	3	6.19407402281	1	1	1
101.759329548	20893.6269531	1	nan	0	0	0
101.759779596	19781.7949219	2	0.583702324946	1	1	1
101.76001911	16896.0761719	1	nan	0	0	0
101.760230694	19834.9897461	2	21.8176754654	1	0	0
101.760466885	31278.2832031	1	nan	0	0	0
101.76072961	19311.3857422	3	36.9897769695	1	0	0
101.76102889	12189.7236328	1	nan	0	0	0
101.761281558	27607.3665365	3	5.5676233466	1	1	1
101.761736528	13894.7978516	2	7.68383485473	1	1	1
101.762274527	16149.6254883	2	25.3358326657	1	0	0
101.762543042	15967.1367188	2	19.0070572198	1	1	1
101.762856326	17794.519043	2	25.0470081161	1	0	0
101.763180291	26878.6673177	3	20.6372115285	1	0	0
101.763475021	11407.1630859	1	nan	0	0	0
101.763837344	18895.0151367	2	25.3192218485	1	0	0
101.764274689	22428.960612	3	30.4820702799	1	0	0
101.764599249	18648.9589844	2	0.661051895595	1	1	1
101.764899765	17603.5356445	2	16.2814499185	1	1	1
101.765254423	32051.0976562	2	8.9014233985	1	1	1
101.765707725	21379.2070312	1	nan	0	0	0
101.765943414	20597.046224	3	34.6422530344	1	0	0
101.766407052	14641.2093099	3	21.0768460851	1	0	0
101.766743365	15721.9134115	3	16.7555564884	1	1	1
101.767169397	18423.8706055	2	3.95764220516	1	1	1
101.7675568	26395.4609375	3	16.3801075046	1	1	1
101.767983773	16661.3334961	2	13.8003759465	1	1	1
101.768300528	22757.5375977	2	44.8007020854	1	0	0
101.768729442	15923.3203125	3	17.5008739732	1	1	1
101.769083047	25393.8710938	2	15.1377339297	1	1	1
101.769302896	11333.6064453	1	nan	0	0	0
101.769530077	22051.5966797	2	5.70831415224	1	1	1
101.769949795	28544.4615885	3	19.4784289221	1	1	1
101.770333968	13665.0209961	2	12.1910080421	1	1	1
101.770761186	22307.4576823	3	25.4225631698	1	0	0
101.771050956	19279.6246745	3	12.2911349622	1	1	1
101.771497629	18977.4905599	3	11.8269861108	1	1	1
101.771938068	25099.9713542	3	24.8025828982	1	0	0
101.77219516	22205.4174805	2	55.8678439583	1	0	0
101.7725188	21088.6469727	2	27.7007361202	1	0	0
101.77283078	29352.2792969	2	1.08446912429	1	1	1
101.773146401	32460.5970052	3	27.4395225291	1	0	0
101.773559379	30482.9739583	3	21.3324238892	1	0	0
101.773987462	26242.7871094	3	8.71936457876	1	1	1
101.774217661	25083.0996094	1	nan	0	0	0
101.774469345	26078.4169922	2	29.2862396425	1	0	0
101.774731003	26721.1005859	2	14.4628102345	1	1	1
101.775206069	38062.1738281	2	20.3377923035	1	0	0
101.775541089	30032.7369792	3	40.7949365997	1	0	0
101.775924804	27059.2978516	2	22.7528473797	1	0	0
101.776271367	21471.1523438	3	12.8870041647	1	1	1
101.776592629	32064.2060547	2	17.6829071626	1	1	1
101.776839761	24867.6425781	3	25.7536120732	1	0	0
101.777147117	13063.3277995	3	14.4660436173	1	1	1
101.777618478	39581.8079427	3	31.6233966165	1	0	0
101.778258417	25414.0253906	2	32.1761229132	1	0	0
101.778549481	24899.3662109	2	9.59435894904	1	1	1
101.778767207	24156.1165365	3	24.8925698657	1	0	0
101.77910144	27319.7526042	3	3.3293309936	1	1	1
101.779460274	12922.9267578	1	nan	0	0	0
101.779688688	47699.7890625	1	nan	0	0	0
101.779961299	27892.53125	3	19.259734388	1	1	1
101.780298102	32156.7988281	1	nan	0	0	0
101.780662606	41815.9492188	3	14.2759751017	1	1	1
101.781004133	25403.5180664	2	49.5184301126	1	0	0
101.781323686	34028.453776	3	19.3246244689	1	1	1
101.781606288	13217.6298828	1	nan	0	0	0
101.781980635	28632.3001302	3	22.9896270345	1	0	0
101.782214649	29677.9492188	2	18.5007150327	1	1	1
101.782472539	20413.3242188	2	11.2322087423	1	1	1
101.782845647	29698.1702474	3	34.501144752	1	0	0
101.783209226	21991.0950521	3	31.0271179568	1	0	0
101.783596004	36898.5351562	2	29.3856304636	1	0	0
101.783824593	29635.5869141	2	4.42137288688	1	1	1
101.784146429	31982.4731445	2	55.0363071937	1	0	0
101.784445344	21264.8227539	2	28.315705885	1	0	0
101.784790114	22852.9873047	2	6.128023898	1	1	1
101.785194251	31620.3574219	3	23.0592122101	1	0	0
101.785629413	15610.8510742	2	15.0506194312	1	1	1
101.785901768	14647.0493164	2	22.1185727701	1	0	0
101.786320311	22602.6046549	3	11.2937752746	1	1	1
101.786921717	18898.046875	3	18.3333660657	1	1	1
101.787329158	23267.5625	3	9.95736516571	1	1	1
101.78754234	27621.5605469	1	nan	0	0	0
101.787787122	31352.828125	1	nan	0	0	0
101.78815072	20237.1928711	2	39.2244434299	1	0	0
101.78844769	16888.4023438	3	28.2133896485	1	0	0
101.78875912	12321.4889323	3	7.06748237003	1	1	1
101.789067917	11923.0488281	1	nan	0	0	0
101.789502017	21148.9262695	3	26.8604714209	1	0	0
101.789928999	15379.9082031	2	8.07167376573	1	1	1
101.790218294	15723.1538086	2	20.398724028	1	0	0
101.790499745	26905.3417969	1	nan	0	0	0
101.790947915	19999.5123698	3	12.8447978879	1	1	1
101.791326221	11830.465332	2	15.7644955735	1	1	1
101.791736455	17424.5078125	1	nan	0	0	0
101.791966798	23030.0507812	1	nan	0	0	0
101.792246848	12312.652832	2	4.36746244386	1	1	1
101.792519163	15844.3671875	1	nan	0	0	0
101.792858815	12631.6132812	3	19.7892859283	1	1	1
101.79320837	15379.5800781	1	nan	0	0	0
101.79366981	13426.9716797	2	9.9542017623	1	1	1
101.794231464	23990.9609375	1	nan	0	0	0
101.794453904	14886.6591797	1	nan	0	0	0
101.794795853	12491.851237	3	11.1531489589	1	1	1
101.795165357	10976.7675781	3	5.94584187829	1	1	1
101.795450154	15749.6352539	2	24.1280482283	1	0	0
101.796027233	12932.4384766	1	nan	0	0	0
101.796287681	16009.3144531	1	nan	0	0	0
101.796563676	13752.0878906	2	16.1735171179	1	1	1
101.798901001	11519.8359375	1	nan	0	0	0
101.799395297	11925.0751953	1	nan	0	0	0
101.799640208	12707.2333984	2	18.3547956161	1	1	1
101.799973782	12472.0380859	1	nan	0	0	0
101.800763517	13086.1523438	1	nan	0	0	0
101.80185265	13127.1875	2	9.33821297641	1	1	1
102.091323018	14466.5078125	2	5.66991888052	1	1	1
103.038942089	39883.1263021	3	2.11104040848	1	1	1
104.07057881	12966.5986328	1	nan	0	0	0
104.106972109	56354.3606771	3	2.45409708013	1	1	1
105.003256739	11547.5566406	1	nan	0	0	0
105.485374858	10621.4804688	1	nan	0	0	0
105.487902679	11864.4628906	1	nan	0	0	0
106.049842707	18241.7880859	2	1.02079858172	1	1	1
106.950550916	18122.2597656	3	4.91525165398	1	1	1
112.036867869	11001.800293	2	2.72840200558	1	1	1
112.051457832	14149.8134766	3	6.24078674824	1	1	1
112.051845542	32170.0683594	3	11.2335650408	1	1	1
112.052293419	253492.921875	3	2.30590377481	1	1	1
112.052630918	17912.4052734	2	9.49039496294	1	1	1
113.020900717	24401.5605469	3	12.2819306571	1	1	1
113.055657266	13642.0522461	2	2.53775351326	1	1	1
114.05041169	22026.9492188	3	6.88291638702	1	1	1
114.066183275	57346.9869792	3	12.2992643759	1	1	1
115.036569644	21460.3359375	3	9.62517328796	1	1	1
116.070598544	41837.8932292	3	1.98400040584	1	1	1
116.977088605	16420.8710938	2	10.7410705174	1	1	1
118.084969377	10917.0615234	2	3.1333730683	1	1	1
118.085349126	36314.0690104	3	5.52137306783	1	1	1
118.085746373	57489.3020833	3	11.7661923321	1	1	1
118.086247732	654679.625	3	4.92682802946	1	1	1
118.086653325	52826.3652344	2	1.68741571878	1	1	1
119.018943275	19906.9570312	2	11.2921224737	1	1	1
119.089605059	36435.5963542	3	9.58603435102	1	1	1
122.924515996	10574.9244792	3	3.4525516451	1	1	1
123.013835795	30107.7441406	3	20.7172542027	1	0	0
123.055274961	29122.8372396	3	8.1852282943	1	1	1
126.021970648	14048.5341797	1	nan	0	0	0
128.010838332	40654.3450521	3	15.0003622559	1	1	1
128.994850767	48152.6223958	3	2.15999459097	1	1	1
130.049253698	20416.561849	3	9.04715568587	1	1	1
130.04987664	100378.416667	3	0.50800891228	1	1	1
130.086275122	10898.890625	1	nan	0	0	0
131.009840319	27214.3808594	3	11.561297537	1	1	1
131.010513839	93966.6067708	3	5.99305612703	1	1	1
131.018315133	11249.4550781	1	nan	0	0	0
131.018928952	37218.671875	3	8.03111231873	1	1	1
131.053205969	14736.7229818	3	10.9628566027	1	1	1
131.070277138	9758.27636719	1	nan	0	0	0
132.064889771	10494.0263672	2	2.65882291851	1	1	1
132.065502412	23811.0970052	3	9.71787540776	1	1	1
132.07148168	10426.1181641	1	nan	0	0	0
132.07190329	10098.2597656	1	nan	0	0	0
132.072644478	11830.0063477	2	4.22720494466	1	1	1
132.073012571	12206.4182943	3	7.81534394075	1	1	1
132.073508441	13013.9767253	3	7.82661183496	1	1	1
132.073820018	16103.6386719	1	nan	0	0	0
132.074116375	17954.6119792	3	3.39199065552	1	1	1
132.074579565	34143.4095052	3	6.79922539731	1	1	1
132.075002533	84544.5494792	3	4.80501021679	1	1	1
132.075554908	421997.104167	3	4.06704227299	1	1	1
132.076093559	1973060.66667	3	4.25706654371	1	1	1
132.076677518	19687556.0	3	2.36560892219	1	1	1
132.077212245	2258711.5	3	2.78158748038	1	1	1
132.078009581	51243.9101562	1	nan	0	0	0
132.078367262	28452.3450521	3	1.23679117933	1	1	1
132.078794235	23918.233724	3	3.72920792136	1	1	1
132.079218173	20152.2057292	3	5.36182585356	1	1	1
132.07964307	16730.9111328	3	5.46494823026	1	1	1
132.080065621	14367.8914388	3	4.39359351627	1	1	1
132.080488677	11964.8889974	3	6.07336712762	1	1	1
132.080845122	11202.9453125	3	4.86518816542	1	1	1
132.081384508	11431.1152344	2	2.89061636354	1	1	1
132.082071653	10738.0546875	1	nan	0	0	0
132.100773957	17964.1048177	3	0.663026528358	1	1	1
132.101230475	63639.3828125	3	1.54008142653	1	1	1
132.101922048	212999.802083	3	8.91527884671	1	1	1
132.102468751	17907.265625	3	8.63018415956	1	1	1
132.972004445	15703.6940104	3	1.19273050449	1	1	1
133.00862005	12059.121582	2	12.1731673472	1	1	1
133.016474054	12860.6777344	1	nan	0	0	0
133.031794882	14567.6738281	1	nan	0	0	0
133.033909153	12056.6191406	2	0.610871005926	1	1	1
133.034599636	40982.6067708	3	14.4837229899	1	1	1
133.060757252	13628.7021484	3	8.5065320701	1	1	1
133.072614211	12299.8232422	1	nan	0	0	0
133.073114304	34126.6614583	3	1.55667421544	1	1	1
133.073800536	128633.817708	3	3.38347570865	1	1	1
133.078518787	11858.1425781	1	nan	0	0	0
133.078935527	46159.6927083	3	4.83880905437	1	1	1
133.079453539	146038.3125	3	1.50784784707	1	1	1
133.080121221	567887.291667	3	4.41903835031	1	1	1
133.080629948	49296.2695312	1	nan	0	0	0
133.083058431	15984.5436198	3	12.9451596833	1	1	1
133.08588806	12105.5273438	2	6.52501681986	1	1	1
133.097174083	15027.0100911	3	15.7518461361	1	1	1
133.105270045	21533.9908854	3	20.7475112314	1	0	0
134.043582054	12522.5882161	3	4.25239164282	1	1	1
134.044087519	34458.2382812	3	17.5647376351	1	1	1
134.044814361	134861.036458	3	3.94096585007	1	1	1
134.045338752	11174.0834961	2	0.685996382795	1	1	1
134.080336339	12715.8916016	2	9.48964804974	1	1	1
134.08100559	63354.1497396	3	9.01004701274	1	1	1
134.083458783	10703.5849609	2	1.77145671933	1	1	1
134.996500665	30057.8365885	3	26.1651243599	1	0	0
135.002161218	14949.5371094	3	3.00457312591	1	1	1
135.002874299	76736.3723958	3	4.45335485631	1	1	1
135.032132508	12414.2128906	1	nan	0	0	0
135.101616053	11097.6240234	1	nan	0	0	0
135.528278925	11850.2011719	1	nan	0	0	0
136.046915804	32237.6139323	3	2.76351462242	1	1	1
136.047429194	78371.1640625	3	1.79820126873	1	1	1
136.048140221	508126.916667	3	3.30626229827	1	1	1
136.048689505	40318.53125	2	0.513973490788	1	1	1
136.061085419	14965.8193359	3	10.168621998	1	1	1
136.061772293	87345.1223958	3	6.45626528579	1	1	1
136.939334192	21642.1595052	3	11.5240662173	1	1	1
136.9400611	145249.635417	3	15.282401936	1	1	1
136.940645624	10529.1809896	3	8.42778227307	1	1	1
137.029512681	42534.3365885	3	23.5285952389	1	0	0
137.044547388	23146.1471354	3	6.01171167743	1	1	1
137.045066539	55138.5677083	3	9.93027301917	1	1	1
137.045789008	384978.333333	3	10.0666821415	1	1	1
137.046343826	27798.8639323	3	12.5152455691	1	1	1
137.051493634	16602.4000651	3	14.1096218919	1	1	1
137.05730784	23718.0514323	3	11.660813159	1	1	1
138.049141151	20888.9869792	3	7.54990850149	1	1	1
138.052580378	27196.3958333	3	10.6251769131	1	1	1
138.938171793	11929.4316406	1	nan	0	0	0
138.964153361	15716.039388	3	22.4933235805	1	0	0
139.014858315	15806.4990234	3	15.0986615057	1	1	1
139.015607838	82234.5390625	3	6.65481947402	1	1	1
139.036591361	14097.7727865	3	16.5548383223	1	1	1
139.050205963	55137.4257812	1	nan	0	0	0
139.072977165	11136.8974609	1	nan	0	0	0
139.111763496	12150.4960938	1	nan	0	0	0
140.066463777	16218.4335938	2	0.45702962895	1	1	1
140.066939314	97649.1067708	3	1.41623778884	1	1	1
140.067478244	307745.645833	3	6.81404255024	1	1	1
140.068166208	2188893.95833	3	4.82434534684	1	1	1
140.068755404	173120.838542	3	4.51168095087	1	1	1
140.069345516	11700.4716797	1	nan	0	0	0
140.994882103	19851.3359375	3	6.73964353646	1	1	1
141.013742843	10279.9941406	1	nan	0	0	0
141.015849879	16679.2207031	3	23.3442721853	1	0	0
141.031266963	10173.4960938	1	nan	0	0	0
141.070827466	13296.3212891	3	9.43877008073	1	1	1
141.071584897	95130.4635417	3	8.66486495213	1	1	1
142.026405704	15778.188151	3	7.51338526151	1	1	1
142.948089903	38403.9791667	3	6.80140064596	1	1	1
143.048538116	10970.9248047	1	nan	0	0	0
143.106648073	9835.1171875	1	nan	0	0	0
143.988090328	41218.6119792	3	43.7820155504	1	0	0
144.00577242	18591.9973958	3	27.0277421062	1	0	0
144.10111549	10468.6894531	2	2.68528605296	1	1	1
144.101940515	63078.328125	3	8.24671410102	1	1	1
145.026180814	21995.4759115	3	13.6673332153	1	1	1
145.034597911	18492.680013	3	14.7306966987	1	1	1
145.037265708	19310.6318359	3	26.6662233885	1	0	0
145.985139647	14835.8528646	3	44.1626144325	1	0	0
146.09242877	19098.0569661	3	28.7541601718	1	0	0
146.115664285	10674.0878906	2	4.01177793843	1	1	1
146.116179691	47573.2682292	3	4.11835435142	1	1	1
146.116780453	121844.760417	3	5.90022047936	1	1	1
146.117577886	720642.833333	3	5.233856226	1	1	1
146.165231491	16989.0419922	3	9.88184967563	1	1	1
147.074508523	18851.1289062	3	0.590621845203	1	1	1
147.075041768	112592.463542	3	3.99260323396	1	1	1
147.075639193	386150.833333	3	5.28924102563	1	1	1
147.076392585	2635945.0	3	8.11019451199	1	1	1
147.076991038	223529.1875	1	nan	0	0	0
147.112006559	10693.9248047	1	nan	0	0	0
147.112835045	39895.860026	3	16.273198233	1	1	1
147.120131473	9844.70800781	1	nan	0	0	0
147.12093651	54628.6028646	3	4.87443050959	1	1	1
148.002478811	26077.7239583	3	4.2042134113	1	1	1
148.003074665	72486.4817708	3	3.54688870056	1	1	1
148.003907086	416443.1875	3	1.25449268755	1	1	1
148.004546124	29112.7783203	2	6.17827323932	1	1	1
148.042695075	11470.0957031	1	nan	0	0	0
148.058480238	10573.453125	1	nan	0	0	0
148.059017855	44367.1901042	3	2.37290445151	1	1	1
148.059622975	118010.21875	3	5.26986042181	1	1	1
148.06045277	724794.104167	3	4.03447822057	1	1	1
148.061097591	50924.9023438	3	3.09086670119	1	1	1
148.073476229	12802.4147135	3	4.24393584331	1	1	1
148.07896046	17962.2607422	3	17.0111627769	1	1	1
148.079794783	99426.5260417	3	2.88585010172	1	1	1
148.096815596	14786.6772461	2	24.9455216215	1	0	0
149.063811558	28643.6855469	3	6.49257097757	1	1	1
149.080704624	11141.7553711	2	6.18718340947	1	1	1
149.992810921	13295.585612	3	25.5792480256	1	0	0
149.999711485	14670.9866536	3	16.2811233888	1	1	1
150.058364828	23045.5761719	3	13.0236557454	1	1	1
150.975326172	10859.9589844	3	6.64913407058	1	1	1
150.975958287	32261.2005208	3	8.4371997337	1	1	1
150.976833022	187515.052083	3	7.89388839529	1	1	1
151.047834177	25514.9915365	3	6.70879099131	1	1	1
152.021236009	11100.5317383	2	1.11729673704	1	1	1
152.022102694	61329.7174479	3	8.380530258	1	1	1
156.040617876	41410.6536458	3	13.7262931178	1	1	1
156.041272371	131056.572917	3	11.1078209517	1	1	1
156.042052229	1186411.45833	3	9.14452940203	1	1	1
156.076706392	10946.8554688	2	7.35558334924	1	1	1
156.989738617	9530.81201172	2	14.8489764104	1	1	1
157.010696387	11820.0813802	3	12.9720162358	1	1	1
157.044565758	8973.79882812	1	nan	0	0	0
157.045462808	63986.5351562	3	12.3159445093	1	1	1
158.039361613	9993.43408203	3	18.198645947	1	1	1
158.040229401	85027.015625	3	9.0902980194	1	1	1
158.921989691	35103.8880208	3	4.55517429337	1	1	1
159.013804564	27699.5351562	3	12.9487428614	1	1	1
159.026863286	7829.21362305	2	4.56110784743	1	1	1
159.027709548	41974.0078125	3	8.88309331464	1	1	1
160.132348861	10020.4682617	2	10.79263104	1	1	1
160.133168778	58057.1783854	3	11.3667227551	1	1	1
161.011115435	12268.4410807	3	9.80060484405	1	1	1
161.029386263	9904.8046875	1	nan	0	0	0
161.128357276	16401.9671224	3	3.34174026966	1	1	1
162.109225447	9328.98779297	2	1.43410625703	1	1	1
162.109847328	16073.0169271	3	6.40959824902	1	1	1
162.111462215	595807.104167	3	2.81122427125	1	1	1
162.112304915	5767224.66667	3	10.0343803731	1	1	1
162.113070572	515775.166667	3	10.984767196	1	1	1
162.114199256	12735.6689453	3	18.0070919889	1	1	1
162.114655361	9316.1484375	1	nan	0	0	0
162.115006933	8119.52441406	1	nan	0	0	0
162.115333451	8871.13671875	1	nan	0	0	0
162.955683818	17983.8857422	3	19.7995377037	1	1	1
163.045105323	33565.5227865	3	9.44376865209	1	1	1
163.109487395	11953.5247396	3	20.0243805186	1	0	0
163.114073968	12115.3515625	3	15.3885132578	1	1	1
163.114840842	51584.8697917	3	19.8223372867	1	1	1
163.115790869	323912.572917	3	12.1219884464	1	1	1
163.118728646	9707.39355469	1	nan	0	0	0
163.97606083	12946.9156901	3	4.09281409435	1	1	1
163.976867184	46439.2721354	3	17.2609341309	1	1	1
163.977787541	366236.395833	3	5.15492315637	1	1	1
164.116685899	27659.2682292	3	20.7375828671	1	0	0
164.11915584	11556.1030273	2	25.1090901263	1	0	0
164.981174447	9821.16601562	1	nan	0	0	0
165.006952323	8689.39941406	1	nan	0	0	0
165.054577714	8100.13793945	2	9.16336090317	1	1	1
165.973611912	16000.4329427	3	19.0717420408	1	1	1
165.975907473	29617.1477865	3	12.5663705954	1	1	1
166.08623048	59509.6015625	3	5.21726816961	1	1	1
166.949717011	11268.4147135	3	9.78045068936	1	1	1
166.950693026	139115.572917	3	16.0696052755	1	1	1
167.020708966	13406.3492839	3	14.6771269825	1	1	1
167.021701888	173172.182292	3	8.30908370806	1	1	1
167.031442345	10212.2919922	3	7.41049018155	1	1	1
167.040015255	11736.7311198	3	11.9277596418	1	1	1
167.046872798	8570.16992188	2	9.14799858794	1	1	1
167.104272601	9415.96972656	1	nan	0	0	0
168.004721341	8483.72558594	1	nan	0	0	0
168.005710036	75574.0416667	3	4.5012091525	1	1	1
168.025016815	10432.5869141	1	nan	0	0	0
168.94883111	15502.5045573	3	22.3015973973	1	0	0
169.019807332	9413.48095703	3	12.9336496425	1	1	1
169.026094213	12144.7630208	3	24.9276073185	1	0	0
169.057351013	9830.03369141	2	19.7167640684	1	1	1
169.058332484	110002.734375	3	7.62231527745	1	1	1
169.985802491	9384.8359375	2	1.5586251591	1	1	1
170.021366342	8967.4921875	1	nan	0	0	0
170.030843602	16606.9436849	3	4.49419923344	1	1	1
170.031604023	56100.7460938	3	6.86323819643	1	1	1
170.032568345	584179.5	3	3.37996204373	1	1	1
170.042339224	33384.4700521	3	10.7736902851	1	1	1
170.057727847	14398.0136719	3	18.3842916479	1	1	1
170.081164803	14904.5885417	3	13.1612821243	1	1	1
171.035945194	23396.0690104	3	10.5959048074	1	1	1
171.041778453	11986.422526	3	14.3381760954	1	1	1
171.062741594	10509.3457031	3	13.2300054388	1	1	1
171.099121264	9087.4296875	1	nan	0	0	0
172.000651688	29480.1634115	3	15.3914121524	1	1	1
172.030717786	36617.8723958	3	10.78809286	1	1	1
172.133175557	14113.655599	3	5.02225360572	1	1	1
172.984668663	54406.7877604	3	6.20006189068	1	1	1
173.04199369	9494.15625	3	8.9996555869	1	1	1
173.057437217	9584.5843099	3	21.144661519	1	0	0
173.080811845	76690.6276042	3	5.44292849941	1	1	1
174.895921523	67742.0065104	3	12.7474935286	1	1	1
174.991357047	14202.9332682	3	25.8890678314	1	0	0
174.999745809	10300.2470703	1	nan	0	0	0
175.000569041	22423.2102865	3	7.65597077174	1	1	1
175.001644581	260338.119792	3	11.0549390306	1	1	1
175.117835062	11734.1546224	3	7.20537052822	1	1	1
175.118937573	132234.947917	3	0.533307078677	1	1	1
176.0050021	12385.3291016	3	9.53544342046	1	1	1
176.122268855	8293.5871582	2	4.39906845147	1	1	1
176.893999183	10877.8789062	2	15.6295549634	1	1	1
176.999756521	15994.289388	3	16.3559181841	1	1	1
177.060844459	9447.43652344	1	nan	0	0	0
179.128411512	49655.6067708	3	14.2785501219	1	1	1
179.630124196	13400.1254883	2	25.6109534597	1	0	0
179.98221533	11039.8286133	2	2.98465220633	1	1	1
184.073322054	19520.2333984	3	18.2814821576	1	1	1
185.959737965	8975.72143555	2	10.9687741358	1	1	1
186.112465063	9972.99853516	2	11.8410986775	1	1	1
187.12461403	9364.53710938	1	nan	0	0	0
187.125876612	58439.0390625	3	30.8936964912	1	0	0
187.627555498	17448.4316406	1	nan	0	0	0
189.01595523	16920.3606771	3	10.1412601322	1	1	1
189.052307319	11339.3909505	3	29.1508696684	1	0	0
189.159769478	8995.65332031	2	15.2615808698	1	1	1
190.911895853	11157.7421875	2	12.0459815949	1	1	1
191.031604347	25358.4192708	3	3.11106890333	1	1	1
191.038799919	9819.21289062	2	8.88815712658	1	1	1
191.040041566	84194.6067708	3	12.617068825	1	1	1
191.104203755	11156.2858073	3	14.9675257704	1	1	1
191.150288439	7899.38476562	1	nan	0	0	0
192.014534544	38351.7526042	3	16.036461339	1	1	1
192.040802537	11081.7340495	3	11.2426700738	1	1	1
192.043362799	8948.46582031	1	nan	0	0	0
193.001918594	23501.8795573	3	27.3381583233	1	0	0
193.03756154	12971.3764648	2	4.99159827533	1	1	1
193.06252789	12248.734375	3	23.2447275719	1	0	0
193.982595194	15991.031901	3	16.8364103686	1	1	1
194.032568015	8340.23046875	1	nan	0	0	0
194.115121497	19231.6591797	3	23.5936680619	1	0	0
194.966606936	24961.9654948	3	10.7537950129	1	1	1
195.041803501	8944.58789062	1	nan	0	0	0
195.052979819	10994.5195312	1	nan	0	0	0
195.07819613	17335.9182943	3	8.97774117695	1	1	1
196.877835844	19744.3499349	3	16.220846273	1	1	1
196.969716859	11025.171875	3	23.7622545691	1	0	0
196.983590444	16284.3632812	2	0.242504012548	1	1	1
197.057466249	9785.61946615	3	16.4465430954	1	1	1
197.100768979	7488.78710938	1	nan	0	0	0
198.097164267	21497.750651	3	16.6921960215	1	1	1
198.985232194	8126.39257812	1	nan	0	0	0
198.997990359	8661.23730469	1	nan	0	0	0
199.073083069	10055.9946289	2	7.21598595598	1	1	1
199.109444526	14730.2382812	3	20.4701633797	1	0	0
199.169271565	15306.8942057	3	11.2464453057	1	1	1
200.051574006	8772.70279948	3	10.8701659029	1	1	1
200.065860601	16579.375	3	5.86735556312	1	1	1
200.066962816	55598.3958333	3	6.3539043778	1	1	1
200.06831997	455620.041667	3	5.1505027003	1	1	1
201.071673224	33049.8554688	3	1.02693610194	1	1	1
201.088719125	15812.858724	3	12.5206100882	1	1	1
201.932267969	10383.610026	3	9.56204369072	1	1	1
201.93370713	103280.872396	3	14.1122177475	1	1	1
202.055974986	8947.3125	1	nan	0	0	0
202.066481054	26922.344401	3	11.0616033352	1	1	1
202.180152706	29152.0657552	3	28.3821784131	1	0	0
203.031625511	16975.1458333	3	19.3076127508	1	1	1
203.038593485	14140.0055339	3	26.7007006696	1	0	0
203.040069288	115450.888021	3	11.172854331	1	1	1
203.050125525	20351.4596354	3	7.86606256624	1	1	1
203.051201601	56651.7421875	3	13.1327805986	1	1	1
203.052572727	498644.458333	3	5.71779080846	1	1	1
203.139072761	8150.85546875	2	5.04180446934	1	1	1
203.150243742	9893.51953125	2	3.350470893	1	1	1
203.223020741	19220.313151	3	22.1821385374	1	0	0
203.931842695	17304.9746094	2	2.04862289531	1	1	1
204.040863108	12038.9622396	3	4.12420292305	1	1	1
204.04210588	18684.9550781	3	10.2397628345	1	1	1
204.043360539	10829.5473633	2	6.66939358119	1	1	1
204.055983254	28756.1861979	3	12.5561099255	1	1	1
204.117945445	7865.66162109	1	nan	0	0	0
204.118928639	11800.5364583	3	6.78227600181	1	1	1
204.120662196	113650.5625	1	nan	0	0	0
204.121758936	483938.25	1	nan	0	0	0
204.122875371	4678292.5	3	3.43695644478	1	1	1
204.125751655	12621.1259766	3	7.46063990679	1	1	1
204.126195604	9311.37597656	2	4.15470659263	1	1	1
204.126734017	8266.84472656	1	nan	0	0	0
205.020640528	10569.6796875	2	15.6025416156	1	1	1
205.037634784	18002.7600911	3	12.8009599254	1	1	1
205.055713784	46835.3072917	3	13.5433660628	1	1	1
205.068279804	8281.77148438	1	nan	0	0	0
205.097088546	25124.3489583	3	9.81203677559	1	1	1
205.120041228	11610.8564453	2	16.6572199695	1	1	1
205.123869658	12948.3196615	3	4.34394148027	1	1	1
205.124923222	37970.1321615	3	10.9970962658	1	1	1
205.126358425	365541.645833	3	3.32752044616	1	1	1
205.129338682	7560.99902344	1	nan	0	0	0
205.961625226	10697.9296875	2	7.48932876177	1	1	1
206.055258804	79995.6145833	3	15.235896968	1	1	1
206.127258517	29497.1321615	3	11.4364497032	1	1	1
206.129719471	16341.7692057	3	17.003013203	1	1	1
206.88571515	7829.18994141	1	nan	0	0	0
207.012735966	18079.828125	1	nan	0	0	0
207.014218417	153815.908854	3	16.7677064204	1	1	1
207.053155966	10862.4619141	1	nan	0	0	0
207.078156473	37980.1940104	3	2.63582226499	1	1	1
207.988499386	30192.7552083	3	23.6044965246	1	0	0
207.998230823	39185.264974	3	14.3148766473	1	1	1
208.017600017	9000.86263021	3	9.48807627342	1	1	1
209.012322221	13201.1967773	2	2.14340844378	1	1	1
209.057463555	11601.4702148	2	3.48307063554	1	1	1
209.093811182	10994.5764974	3	10.2945585511	1	1	1
209.103246896	18582.5091146	3	22.1034586336	1	0	0
209.189785025	7976.07617188	1	nan	0	0	0
209.956482314	17727.3717448	3	26.1127562504	1	0	0
210.087292119	70215.0664062	3	13.9490220874	1	1	1
210.089088344	30628.5	3	13.3889365711	1	1	1
210.11005054	9417.64713542	3	0.623821175288	1	1	1
210.940569754	26245.0045573	3	21.6846539512	1	0	0
210.976862001	9492.96777344	1	nan	0	0	0
210.985225863	38668.0175781	3	13.7505255594	1	1	1
211.073047185	14471.3551432	3	26.191231247	1	0	0
212.851812499	14176.8779297	3	24.4842459915	1	0	0
212.95757813	17820.9283854	3	13.8160391233	1	1	1
213.000868983	10715.3255208	3	18.3094800857	1	1	1
213.074806784	14316.6396484	3	19.8143123761	1	1	1
213.125101259	8931.38378906	2	10.4036995597	1	1	1
215.051304817	17010.3408203	3	22.6934047904	1	0	0
215.069603335	7744.77783203	1	nan	0	0	0
215.139033725	13233.5113932	3	6.1421885467	1	1	1
217.083668878	11599.6689453	1	nan	0	0	0
217.104614719	22314.8300781	1	nan	0	0	0
218.135851402	27018.8639323	3	3.39564803256	1	1	1
218.137094978	83963.78125	3	7.82315151421	1	1	1
218.138621733	921432.875	3	6.64445755924	1	1	1
218.184656912	10665.2636719	1	nan	0	0	0
218.186292487	95798.2447917	3	7.16742369946	1	1	1
219.017594704	30443.1796875	3	12.9660949248	1	1	1
219.026530581	56248.9817708	3	10.3640346691	1	1	1
219.140344993	10847.4248047	1	nan	0	0	0
219.142024067	92131.1197917	3	3.59020623244	1	1	1
219.189606108	8799.89973958	3	5.84956007558	1	1	1
221.050579393	12382.8720703	3	38.2187260961	1	0	0
222.027593598	10489.7763672	1	nan	0	0	0
222.029177978	84771.5963542	3	6.7078137861	1	1	1
222.986414976	9856.79980469	1	nan	0	0	0
222.988174036	94323.4869792	3	15.2714702304	1	1	1
223.972228349	14889.4638672	2	17.1578896072	1	1	1
224.986269805	9351.67919922	2	9.67199187521	1	1	1
226.083780862	5413.99316406	1	nan	0	0	0
226.104743429	8893.73616536	3	38.7970727096	1	0	0
226.216376585	5930.02880859	1	nan	0	0	0
227.113646906	30479.8326823	3	8.06314252935	1	1	1
228.231948718	16555.1276042	3	4.44617938017	1	1	1
229.151572806	8252.91682943	3	5.63409345541	1	1	1
229.152742421	37062.6191406	3	14.5922268869	1	1	1
229.154428607	322163.541667	3	5.57107641164	1	1	1
229.156047334	8547.84472656	3	15.7849981542	1	1	1
230.157791301	41888.6080729	3	11.3180128889	1	1	1
231.144911055	34315.5084635	3	13.8278884534	1	1	1
232.151199309	21986.0358073	3	3.78593368065	1	1	1
232.152329008	105574.979167	3	7.26485587173	1	1	1
232.154045525	950634.770833	3	6.81405099707	1	1	1
232.155642488	31923.0595703	2	10.6131983049	1	1	1
233.050436133	5643.77880859	1	nan	0	0	0
233.078380938	7825.23388672	1	nan	0	0	0
233.149338731	16648.452474	3	4.85140505023	1	1	1
233.155638187	9388.85758464	3	14.3361188299	1	1	1
233.157439958	106921.601562	3	7.80819962691	1	1	1
234.158323906	8445.61360677	3	8.84329535571	1	1	1
234.160680156	6949.58032227	2	11.3180697702	1	1	1
234.93787648	10002.9558919	3	22.8358629666	1	0	0
235.066026594	22951.8606771	3	7.61441214858	1	1	1
235.164953253	61854.6796875	3	19.8237499388	1	1	1
236.168355224	6208.8671875	1	nan	0	0	0
237.027897382	7905.7327474	3	12.6275340229	1	1	1
238.01970579	6395.66748047	1	nan	0	0	0
238.022750396	35998.5976562	3	5.83544660382	1	1	1
238.044743322	6603.99316406	1	nan	0	0	0
238.156383147	7343.88818359	1	nan	0	0	0
239.161460633	9069.03645833	3	7.04211198222	1	1	1
240.038441315	6591.11083984	1	nan	0	0	0
240.995738152	6371.72607422	2	5.02019457756	1	1	1
241.008159446	6677.49316406	2	3.54793453346	1	1	1
241.067954105	7251.08300781	2	1.49985003587	1	1	1
241.154328845	12880.1975911	3	13.4852212499	1	1	1
242.07862671	44797.7903646	3	20.6957356221	1	0	0
242.099507501	7187.62190755	3	5.51615674175	1	1	1
242.11499885	20319.6979167	3	6.89273458883	1	1	1
242.247544575	10083.639974	3	10.4865994906	1	1	1
243.011178815	6546.71972656	1	nan	0	0	0
243.073772585	19720.3320312	3	10.7344430299	1	1	1
244.092522456	10331.2568359	3	13.1669884294	1	1	1
244.190491724	6186.51416016	1	nan	0	0	0
244.26328362	9512.9296875	1	nan	0	0	0
245.078266548	5603.42431641	1	nan	0	0	0
245.135397479	31795.3821615	3	9.23678270166	1	1	1
245.145972361	7777.65112305	2	5.36679254169	1	1	1
245.147353642	30717.5950521	3	5.60167864089	1	1	1
245.149301859	304421.489583	3	5.98490617761	1	1	1
245.226093398	19179.6686198	3	0.832344738311	1	1	1
246.152701306	32321.7779948	3	16.2877843199	1	1	1
246.167759884	7465.17985026	3	13.156662982	1	1	1
246.169724671	94341.734375	3	9.41331948228	1	1	1
246.180959483	18204.4970703	3	17.5631020695	1	1	1
247.029645521	6744.46142578	1	nan	0	0	0
247.139939377	6351.65136719	1	nan	0	0	0
247.173037903	12314.4414062	3	8.33308933817	1	1	1
247.239748297	16355.8193359	3	12.1232753495	1	1	1
247.241730415	145088.122396	3	14.6444605156	1	1	1
248.146979183	15572.4404297	3	13.8044836822	1	1	1
248.148964814	152634.302083	3	4.06520667662	1	1	1
248.198226346	10572.8089193	3	21.9521046978	1	0	0
248.245127808	45301.0911458	3	3.87401148089	1	1	1
248.932442161	6598.79150391	1	nan	0	0	0
248.940831134	7661.65136719	2	5.18006365662	1	1	1
249.045246287	37863.8007812	3	17.5539638874	1	1	1
249.151059075	18965.2486979	3	9.74618421467	1	1	1
249.153307695	110780.005208	3	13.052488943	1	1	1
249.15538168	1203504.33333	3	9.89125747185	1	1	1
249.157253415	41554.2421875	2	13.5627040937	1	1	1
250.046029824	6288.73144531	1	nan	0	0	0
250.152453073	12226.5136719	3	13.8017772281	1	1	1
250.156724127	8589.6624349	3	24.2366028622	1	0	0
250.158778862	103560.546875	3	14.9345479795	1	1	1
250.213846492	39279.4596354	3	8.0678583093	1	1	1
250.911863706	8599.90917969	1	nan	0	0	0
251.13623951	6965.21533203	1	nan	0	0	0
251.159741712	8342.38110352	2	21.6405910228	1	0	0
251.16209258	6995.95361328	1	nan	0	0	0
252.081441167	9256.45117188	2	3.77281216246	1	1	1
253.094553451	9311.34635417	3	8.50969434559	1	1	1
253.11983917	6362.05175781	1	nan	0	0	0
253.140443822	11587.9072266	3	13.5267744624	1	1	1
253.993775485	6602.3828125	2	0.332998562309	1	1	1
254.000299277	6686.14501953	1	nan	0	0	0
254.018730846	12476.3951823	3	5.61710046917	1	1	1
254.136062288	10252.8463542	3	18.8788357588	1	1	1
254.245431051	8354.20556641	3	4.01143580925	1	1	1
254.247535619	97436.0234375	3	10.0016349353	1	1	1
255.13542362	15816.7998047	3	13.2395641796	1	1	1
255.250877525	16380.4554036	3	2.34791811819	1	1	1
256.094315097	7930.16031901	3	14.9341267155	1	1	1
256.261140702	10195.1409505	3	12.802288958	1	1	1
256.263176731	108104.455729	3	10.6886257833	1	1	1
256.982018593	7062.84814453	1	nan	0	0	0
257.041884623	16712.3834635	3	18.0380455017	1	1	1
257.091170126	11042.2197266	3	9.70456005919	1	1	1
257.146902114	34123.0833333	3	24.5049841704	1	0	0
257.266565544	16286.1865234	3	12.792843728	1	1	1
258.073569914	12561.1223958	3	20.7180163643	1	0	0
258.109862607	16549.2884115	3	15.4414911476	1	1	1
259.077176862	12404.2353516	3	18.386605741	1	1	1
259.998721142	7014.74316406	2	5.8274028598	1	1	1
260.18315029	5583.98266602	2	0.266662376121	1	1	1
260.185352921	66891.15625	3	7.37018596319	1	1	1
260.19653002	8581.48893229	3	25.0733910446	1	0	0
261.052041975	6798.31738281	1	nan	0	0	0
261.144243594	7151.22167969	1	nan	0	0	0
261.188683271	8371.17936198	3	10.9630101512	1	1	1
261.221048146	7853.88085938	1	nan	0	0	0
262.126096026	6590.24348958	3	2.51975585496	1	1	1
262.128231582	61188.8372396	3	11.509358441	1	1	1
262.164584351	37158.6510417	3	3.96704695018	1	1	1
262.990138666	12719.438151	3	5.22052303174	1	1	1
263.131469789	7921.0090332	2	15.6854516857	1	1	1
263.143706655	7964.27490234	3	6.15049144612	1	1	1
263.145921029	91984.6015625	3	8.38107222161	1	1	1
263.196216951	7790.11458333	3	10.8612229353	1	1	1
263.236647171	39727.0703125	3	8.42717227308	1	1	1
264.149189171	6583.03564453	3	2.34440166857	1	1	1
264.172145356	19949.2389323	3	5.94553000523	1	1	1
264.229489143	15189.8626302	3	11.3244751542	1	1	1
264.24000204	9569.42122396	3	4.77226767108	1	1	1
265.022737385	13233.5087891	1	nan	0	0	0
265.069425543	8034.43261719	1	nan	0	0	0
265.10429434	6754.55371094	1	nan	0	0	0
265.111497518	11426.6142578	3	13.8511925624	1	1	1
265.248360628	6171.34619141	2	6.06068542107	1	1	1
265.250050565	29824.6848958	3	12.0898078518	1	1	1
265.252256157	305343.4375	3	14.2981324482	1	1	1
266.185532322	5495.19433594	1	nan	0	0	0
266.187777209	56172.4440104	3	17.7570039055	1	1	1
266.253452977	6759.96044922	2	12.9586484758	1	1	1
266.255611265	68090.953125	3	6.9129590394	1	1	1
267.11026976	12718.6614583	3	16.2594579727	1	1	1
267.191089724	8178.39453125	3	13.071463281	1	1	1
268.055457691	15713.9231771	3	16.6305460096	1	1	1
268.115030069	6458.18359375	1	nan	0	0	0
268.263207866	15261.7008464	3	8.76642276803	1	1	1
269.087725557	26948.8242188	3	26.2443698973	1	0	0
270.109882938	16499.288737	3	36.3487053873	1	0	0
270.278782205	29915.3821615	3	10.1396366259	1	1	1
270.935224641	6864.81030273	2	9.1086031879	1	1	1
271.137342889	41171.3346354	3	4.08537420817	1	1	1
273.120776725	30144.4674479	3	9.73551777211	1	1	1
276.180243182	21640.7324219	3	13.8526080706	1	1	1
276.227008579	8639.12255859	3	25.2521889215	1	0	0
276.229426603	114189.348958	3	16.3959565942	1	1	1
277.104455067	8468.12988281	1	nan	0	0	0
277.232763977	15673.8011068	3	11.7618519041	1	1	1
278.242589363	6661.71484375	1	nan	0	0	0
278.245092061	72785.8125	3	13.1994086243	1	1	1
279.191044748	17213.5488281	2	3.50363318684	1	1	1
279.248490156	11507.7952474	3	10.478795858	1	1	1
280.091724996	12835.202474	3	11.2296169922	1	1	1
280.26313804	35575.5078125	3	16.6217315389	1	1	1
281.029581613	5754.70751953	1	nan	0	0	0
282.274438247	6117.05957031	1	nan	0	0	0
282.276351518	22299.7867839	3	29.5841986777	1	0	0
282.278761572	247699.473958	3	27.6476062188	1	0	0
283.282172528	17606.163737	3	37.0043892434	1	0	0
284.294428443	17316.1520182	3	15.2659190523	1	1	1
291.70193708	15008.1009115	3	7.67523905019	1	1	1
292.073007779	6966.36352539	2	9.509797445	1	1	1
292.200736016	10204.2529297	2	2.56523135124	1	1	1
292.203362047	110944.43099	3	36.1492245208	1	0	0
292.260691355	18927.3056641	3	12.1202358199	1	1	1
293.071355054	43256.6145833	3	2.20118490224	1	1	1
293.206632538	19944.0830078	2	4.40006069704	1	1	1
293.263872792	8165.13818359	2	27.0822032241	1	0	0
294.060175686	8108.81738281	2	15.2317554591	1	1	1
294.854416872	9201.2594401	3	30.3135859347	1	0	0
295.222672845	10033.5942383	3	26.8344407969	1	0	0
296.066002282	42066.4648438	3	7.46178419113	1	1	1
296.258264837	8694.42171224	3	17.076461496	1	1	1
297.973532738	7375.390625	1	nan	0	0	0
298.992828493	7194.75	3	1.56259246237	1	1	1
299.305629542	18804.3805339	3	25.4004756063	1	0	0
300.229737544	21908.6777344	3	10.0367780665	1	1	1
301.140783099	8911.36035156	1	nan	0	0	0
302.240377919	10766.6357422	1	nan	0	0	0
302.242400095	24320.2200521	3	18.2575029971	1	1	1
302.245379357	237471.036458	3	14.8449350552	1	1	1
303.248752493	46918.0651042	3	10.9036290984	1	1	1
304.260716021	2271270.58333	3	14.7167545817	1	1	1
304.267148229	8390.79736328	2	5.41244118996	1	1	1
304.284401574	17680.960612	3	18.5691600599	1	1	1
304.991239745	8156.56201172	2	11.1923460303	1	1	1
305.25953018	15800.8251953	2	5.78044745858	1	1	1
305.261668258	48796.1289062	1	nan	0	0	0
305.264371821	363891.65625	3	16.3121993167	1	1	1
305.918537552	8061.63598633	2	0.603077588771	1	1	1
306.219380517	35860.1985677	3	10.4056489486	1	1	1
306.24034529	16480.6373698	3	17.3157892481	1	1	1
306.267755881	34352.6770833	3	21.7784887353	1	0	0
306.276717985	27036.7415365	3	19.8929468995	1	1	1
307.038758887	14245.0572917	3	5.62420784124	1	1	1
307.041263596	46672.1640625	1	nan	0	0	0
307.043859906	347425.447917	3	6.4081820806	1	1	1
307.083148207	8832.1953125	1	nan	0	0	0
307.222562512	9160.98535156	2	2.90774321173	1	1	1
308.047214151	35910.859375	3	8.42568455027	1	1	1
308.08800824	10411.2548828	2	17.0929615777	1	1	1
308.091078443	65799.5416667	3	8.47566881107	1	1	1
308.198597004	11442.7646484	3	7.63081447206	1	1	1
308.235001245	23939.7936198	3	21.4966068907	1	0	0
309.042004266	26268.7858073	3	7.79562782217	1	1	1
309.094485041	7446.59277344	1	nan	0	0	0
310.047063943	17665.0302734	3	16.7206125435	1	1	1
311.030846602	8407.82226562	1	nan	0	0	0
311.040198077	10735.8881836	2	12.814109765	1	1	1
312.289698939	8816.08984375	2	4.67525640043	1	1	1
313.947376745	12442.3196615	3	1.61112472558	1	1	1
315.06610615	10226.5558268	3	20.5191202993	1	0	0
315.127537963	13150.6051432	3	13.1161264446	1	1	1
315.142790513	7782.515625	1	nan	0	0	0
316.054994103	8347.11328125	1	nan	0	0	0
316.101799956	14084.2604167	3	19.1040401995	1	1	1
316.111413698	8206.6570638	3	3.06834206461	1	1	1
316.200393578	8041.81713867	2	21.237648069	1	0	0
316.203703385	79776.5572917	3	7.5922806194	1	1	1
316.320972609	50295.2799479	3	8.82814226592	1	1	1
317.029146724	9895.3811849	3	11.8891880116	1	1	1
317.114975574	28959.9238281	3	5.73709455154	1	1	1
317.147396489	6942.56787109	1	nan	0	0	0
317.207041241	17916.2086589	3	27.5581844413	1	0	0
317.324378202	10422.5185547	3	17.5217292832	1	1	1
318.201959195	8390.07495117	2	20.096443706	1	0	0
318.213609001	26665.4726562	3	10.4859338008	1	1	1
318.215891679	91019.515625	3	8.57453289461	1	1	1
318.219219109	785959.1875	3	9.74854938437	1	1	1
318.240333214	40476.4388021	3	5.7678612978	1	1	1
318.276721652	11822.1575521	3	18.3216879201	1	1	1
319.027819301	9985.59114583	3	13.612330702	1	1	1
319.216516727	8065.01953125	2	11.4110658249	1	1	1
319.219172736	11974.6295573	3	14.8159267588	1	1	1
319.222714205	141057.908854	3	12.0091024009	1	1	1
319.243685461	7350.94018555	2	11.0111838306	1	1	1
319.764439157	7529.83984375	1	nan	0	0	0
320.198836915	8009.59635417	3	9.9233350827	1	1	1
320.213757503	9382.13151042	3	17.5943458475	1	1	1
320.217516183	53744.2890625	3	13.54496015	1	1	1
320.221132911	8473.40258789	2	6.22874765786	1	1	1
320.222334522	13288.0660807	3	6.92267352635	1	1	1
320.224893166	23579.1536458	3	19.3333518303	1	1	1
320.229304855	159945.653646	3	17.1512523271	1	1	1
320.231201613	353573.260417	3	11.2392414919	1	1	1
320.234529211	7225221.5	3	12.7215019508	1	1	1
320.241639111	21174.2747396	3	14.561486653	1	1	1
320.24256337	11136.9033203	2	19.4816834411	1	1	1
320.244070518	10900.5725911	3	12.2076835867	1	1	1
320.245228172	10472.8626302	3	25.3191715993	1	0	0
320.246546235	6964.46988932	3	3.28668910694	1	1	1
320.247825647	7180.86816406	3	7.79848046313	1	1	1
320.248930658	9874.76953125	2	2.8166895509	1	1	1
320.252285347	7280.70198568	3	8.96711869847	1	1	1
320.255714688	71253.7213542	3	13.531760131	1	1	1
320.965023927	17100.8994141	3	16.5040906794	1	1	1
320.974801062	21414.2942708	3	12.1012185745	1	1	1
321.070847421	9050.421875	3	1.59919980076	1	1	1
321.130837923	7802.3125	1	nan	0	0	0
321.202012151	46724.6067708	3	11.8500081112	1	1	1
321.220934498	8029.48421224	3	4.84185339498	1	1	1
321.232192479	46661.2916667	3	6.75135027975	1	1	1
321.234753897	92742.7161458	3	9.88870275237	1	1	1
321.238160292	1138261.89583	3	12.3109725454	1	1	1
321.259206463	11834.5029297	3	4.08775836366	1	1	1
321.892573541	18815.6894531	3	9.50882286144	1	1	1
321.94907956	10555.1474609	2	1.08587051767	1	1	1
322.205372421	8017.33911133	2	9.03689242137	1	1	1
322.214299229	8604.67773438	1	nan	0	0	0
322.227163747	12542.8671875	3	13.1904795605	1	1	1
322.229444398	29397.7428385	3	13.3487680101	1	1	1
322.233099269	371293.34375	3	11.739889881	1	1	1
322.238081212	14299.5016276	3	9.14530069044	1	1	1
322.241680887	90476.203125	3	15.3908822253	1	1	1
322.250685975	70062.2434896	3	14.2868198459	1	1	1
323.011510109	8399.16503906	1	nan	0	0	0
323.038899126	10266.5520833	3	26.9369543573	1	0	0
323.217743265	10704.0791016	1	nan	0	0	0
323.236394255	63269.2552083	3	12.8991426467	1	1	1
323.254049379	11977.125	3	19.1228360665	1	1	1
324.214464156	8285.70581055	2	13.5314604162	1	1	1
325.177454929	10086.242513	3	14.9677598214	1	1	1
326.973014564	7557.81982422	2	0.563197200747	1	1	1
327.008049622	7755.60205078	1	nan	0	0	0
328.054664384	8389.07845052	3	3.29941314546	1	1	1
328.067168321	14667.0745443	3	2.74102561284	1	1	1
329.025803662	10985.0494792	3	15.2883931949	1	1	1
330.072965145	27197.8613281	3	9.10514841024	1	1	1
331.040057267	22260.0403646	3	9.30639092713	1	1	1
331.06976549	6558.49462891	1	nan	0	0	0
331.101211653	8853.9140625	1	nan	0	0	0
332.028838285	20416.4980469	3	19.6644518589	1	1	1
332.198542469	8662.52734375	2	2.36852156401	1	1	1
332.256078673	12282.4882812	1	nan	0	0	0
332.292363476	12079.6336263	3	28.4473908223	1	0	0
332.315840455	12130.2490234	3	7.6179985877	1	1	1
334.210436938	7108.10009766	1	nan	0	0	0
334.214229206	91015.7005208	3	6.24271677614	1	1	1
334.250530132	27584.9798177	3	17.6161784229	1	1	1
334.267989494	8521.8046875	1	nan	0	0	0
334.271598546	91771.4518229	3	36.3994779199	1	0	0
335.001668368	13004.9213867	2	9.22729485033	1	1	1
335.217640849	22746.3196615	3	9.03226841429	1	1	1
335.25403915	8105.26074219	1	nan	0	0	0
335.265145262	9739.80664062	1	nan	0	0	0
335.275051336	20217.7154948	3	41.4718956512	1	0	0
336.225971326	8178.18847656	2	10.0496091392	1	1	1
336.229913772	116251.453125	3	2.24249129772	1	1	1
336.250781445	15719.5579427	3	18.816034272	1	1	1
336.948814727	13683.0777995	3	17.7201543496	1	1	1
337.233247426	20815.9277344	3	16.7991391884	1	1	1
338.227971694	9197.01757812	3	15.8064250619	1	1	1
338.341750654	9858.16650391	3	27.1241873714	1	0	0
338.985449904	16531.3310547	3	15.4500253204	1	1	1
340.18845124	22394.7324219	3	4.82865169842	1	1	1
342.946925716	8299.24772135	3	19.1223385133	1	1	1
343.233887784	16648.1791992	2	11.5414888975	1	1	1
344.999533521	7579.11621094	1	nan	0	0	0
346.047009803	29431.5221354	3	12.7903840814	1	1	1
346.233491389	10333.4003906	2	15.6434657714	1	1	1
346.250889719	7323.71533203	1	nan	0	0	0
348.070501336	12658.6829427	3	9.23433255088	1	1	1
348.266291663	26439.9798177	3	20.8148393707	1	0	0
349.233046876	8220.62719727	2	1.36022579681	1	1	1
349.269983646	8297.58105469	1	nan	0	0	0
350.209225828	7991.21142578	2	16.6773850252	1	1	1
350.23027178	8121.03710938	1	nan	0	0	0
350.253973388	39691.4414062	3	32.8779629312	1	0	0
351.257113375	8316.17651367	2	3.58079701532	1	1	1
352.224746128	24870.0729167	3	4.5986995443	1	1	1
356.232750325	12303.6699219	2	25.1628666434	1	0	0
357.249646077	42407.5260417	3	16.2268317036	1	1	1
358.253028267	7920.59912109	1	nan	0	0	0
360.323539211	9139.82991536	3	23.3973223384	1	0	0
365.227833127	5447.9230957	2	11.660931208	1	1	1
366.203757377	37236.7063802	3	16.1996625704	1	1	1
366.231183231	16657.2089844	3	5.03467453077	1	1	1
366.960838847	6224.27856445	2	18.9538587417	1	1	1
367.207155082	7692.23095703	3	21.5102836311	1	0	0
368.028565736	9913.25146484	3	23.4593131158	1	0	0
368.111922072	11491.6450195	2	9.57075684529	1	1	1
368.212576208	10763.8427734	3	4.33629880111	1	1	1
368.21520095	19095.5078125	1	nan	0	0	0
368.219233058	353225.03125	3	8.12489125232	1	1	1
368.232625123	5265.05859375	1	nan	0	0	0
369.222742661	73059.3098958	3	6.14860621591	1	1	1
369.310797942	17215.9160156	3	8.27438918163	1	1	1
369.984423472	13837.492513	3	24.803358087	1	0	0
370.051928407	14932.6923828	3	12.8833198619	1	1	1
370.190683566	7338.58300781	2	22.7048179776	1	0	0
370.21760806	27275.375651	3	10.3267284536	1	1	1
370.226458682	6724.92740885	3	2.4498662475	1	1	1
370.247921042	78946.3144531	3	47.1374603056	1	0	0
370.314222303	5197.28710938	2	3.84210174253	1	1	1
370.968683264	4830.82080078	1	nan	0	0	0
371.220915846	5255.9835612	3	11.158365639	1	1	1
371.251323794	20754.0917969	2	1.07772422513	1	1	1
371.319547613	5443.47583008	2	4.74193748187	1	1	1
371.322478207	13277.0810547	2	7.62328998713	1	1	1
371.326388742	168691.03125	3	2.52269122402	1	1	1
372.206279085	91966.5052083	3	43.2610045537	1	0	0
372.245103768	23435.6835938	3	38.8281564019	1	0	0
372.329849899	37262.9427083	3	3.39029446249	1	1	1
373.209691786	16418.1806641	3	47.5555393998	1	0	0
373.24418821	43443.0703125	3	16.860615128	1	1	1
373.33342648	4861.42724609	1	nan	0	0	0
374.203374823	30342.1328125	3	47.6567738828	1	0	0
374.247587964	8856.34619141	2	7.26943299674	1	1	1
375.003644854	5452.17138672	2	3.86106202132	1	1	1
375.065087817	6254.93017578	2	4.46266722258	1	1	1
375.206737106	6589.36181641	2	8.25315988951	1	1	1
376.297313344	79095.59375	3	4.58660101387	1	1	1
376.92836131	5726.03735352	2	1.58139928333	1	1	1
377.30063734	17749.9615885	3	4.28402964577	1	1	1
378.295488812	6262.53304036	3	26.4200158376	1	0	0
378.313030104	6806.33691406	1	nan	0	0	0
378.991212642	5222.19189453	1	nan	0	0	0
379.199138891	6014.23030599	3	8.2875884419	1	1	1
380.111852221	6474.02099609	2	6.08073358099	1	1	1
380.225028946	4687.41015625	1	nan	0	0	0
381.079112993	5283.72875977	2	9.47182565431	1	1	1
381.088794072	6752.85449219	3	6.81080290823	1	1	1
381.996824981	7690.68994141	2	10.0611134874	1	1	1
382.235084999	5958.48168945	2	2.72172664844	1	1	1
382.279851103	7064.00463867	2	17.7080947529	1	1	1
382.949013515	4954.09912109	3	3.99074040431	1	1	1
383.103059613	5904.39501953	2	10.4558384367	1	1	1
383.115647709	16445.6292318	3	4.62598370545	1	1	1
384.002525752	13186.6585286	3	16.6402876562	1	1	1
384.206237336	25216.6337891	3	51.9645479384	1	0	0
384.214344458	5334.19140625	2	7.86581516792	1	1	1
384.999245203	4718.88525391	1	nan	0	0	0
385.128660809	5867.16577148	2	12.3871755351	1	1	1
385.209522549	6844.61083984	1	nan	0	0	0
385.305999746	5029.13232422	1	nan	0	0	0
385.316981697	32368.6354167	3	5.53073481899	1	1	1
385.34197935	6514.7179362	3	7.56426342084	1	1	1
385.958267804	9535.6735026	3	7.92809189534	1	1	1
386.025850715	54678.5442708	3	6.54928791053	1	1	1
386.203396016	10228.1782227	2	7.94471022507	1	1	1
386.213829466	9134.45849609	2	8.8186790116	1	1	1
386.221694741	442280.25	3	49.4791212932	1	0	0
386.320348973	6842.80777995	3	13.1917934468	1	1	1
386.325981958	5826.72705078	1	nan	0	0	0
387.029250678	6485.29638672	2	11.9470298159	1	1	1
387.077367303	8617.74934896	3	10.079307252	1	1	1
387.179934948	5991.94189453	2	6.34658509879	1	1	1
387.220861594	5970.41455078	1	nan	0	0	0
387.225224654	77904.4889323	3	46.1539989089	1	0	0
387.321318661	15103.2858073	3	11.7386043319	1	1	1
387.332566087	29498.0833333	3	14.4258581792	1	1	1
388.061064202	4913.0	1	nan	0	0	0
388.214309983	8294.69946289	2	7.04013166823	1	1	1
388.218909301	125975.813802	3	48.1381241657	1	0	0
388.228735096	8933.39160156	2	4.53635100838	1	1	1
388.336026102	6227.58577474	3	30.4204619637	1	0	0
389.222274722	23783.3616536	3	39.2094516965	1	0	0
390.172276248	9757.16992188	2	7.69235003666	1	1	1
390.217045694	10829.5244141	2	9.35790856034	1	1	1
390.977590591	13529.3798828	3	13.3823070307	1	1	1
391.038899329	8279.29996745	3	20.332078051	1	0	0
391.283821258	6398.88834635	3	11.1830584707	1	1	1
392.022824146	5535.24674479	3	9.76788154884	1	1	1
392.052162658	10147.2416992	2	5.30010969826	1	1	1
392.169532546	5319.84619141	1	nan	0	0	0
392.264150178	8781.13069661	3	18.6749301444	1	1	1
393.08263918	6306.94075521	3	8.6939884947	1	1	1
393.308286295	37979.5234375	3	9.25473587129	1	1	1
393.321932248	7235.40885417	3	13.5026890065	1	1	1
393.358315466	13780.5996094	3	10.686815512	1	1	1
394.059512334	6425.57421875	1	nan	0	0	0
394.279777404	66039.5546875	3	3.41917898275	1	1	1
394.311621111	7566.44596354	3	2.11693731877	1	1	1
394.36175305	4744.76611328	1	nan	0	0	0
395.125118489	8255.39013672	3	18.3393936166	1	1	1
395.280625749	5582.42871094	1	nan	0	0	0
395.283355649	14856.5286458	3	17.2307359858	1	1	1
395.32387721	22734.9505208	3	11.7251398311	1	1	1
395.337596369	59047.296875	3	13.4088137454	1	1	1
396.250714331	8696.41601562	3	16.8310881593	1	1	1
396.277371558	9341.14860026	3	12.3866190309	1	1	1
396.307995173	28621.3027344	3	8.35341386617	1	1	1
396.327396709	7785.26269531	1	nan	0	0	0
396.341023967	13502.9303385	3	7.71519088405	1	1	1
397.311441911	6446.79134115	3	11.7374111579	1	1	1
397.342010894	26262.9804688	3	8.07384935329	1	1	1
398.345283792	5933.22281901	3	16.5237039613	1	1	1
398.92281555	11894.0035807	3	17.5634031868	1	1	1
399.080827468	4793.94628906	1	nan	0	0	0
399.089427581	5311.8293457	2	11.174659779	1	1	1
399.144104265	18810.2721354	3	7.43851217592	1	1	1
399.332577786	10955.7594401	3	8.72414737999	1	1	1
399.357767814	25903.5807292	3	7.1011483894	1	1	1
400.157097863	23165.438151	3	5.45246800224	1	1	1
400.201066788	5937.01293945	2	2.71829453115	1	1	1
400.316573401	9453.77750651	3	10.6140939749	1	1	1
400.360890272	5725.44848633	2	1.34788755162	1	1	1
401.300610055	5969.21166992	2	6.45196741368	1	1	1
401.336883769	5226.90380859	1	nan	0	0	0
402.021090263	4682.93408203	1	nan	0	0	0
402.224941026	12683.2692057	3	9.81730248197	1	1	1
403.051290595	6574.15071615	3	22.6148102458	1	0	0
403.082975773	5859.22216797	1	nan	0	0	0
403.316389597	5498.90820312	1	nan	0	0	0
404.035227467	4939.65625	1	nan	0	0	0
404.195977463	13279.3414714	3	21.2907803444	1	0	0
404.206308923	8173.47607422	1	nan	0	0	0
404.217102185	6148.22558594	2	18.5709386743	1	1	1
404.326718439	12570.0367839	3	8.44571884405	1	1	1
405.368361798	14160.96875	3	18.7487714637	1	1	1
405.984215003	4962.07006836	2	6.08189400068	1	1	1
406.951524664	7933.97721354	3	20.3741508934	1	0	0
407.293450076	5898.25439453	3	12.0754591938	1	1	1
407.324009767	7359.10693359	3	22.9601463085	1	0	0
408.007805035	10361.2395833	3	2.68512895054	1	1	1
408.023568592	5699.75537109	1	nan	0	0	0
408.078918117	4542.89306641	1	nan	0	0	0
408.308054395	28557.219401	3	21.7883830715	1	0	0
408.950575921	5244.88867188	1	nan	0	0	0
409.056675783	13413.7643229	3	5.22229453494	1	1	1
409.161806138	36574.4296875	3	26.0480828173	1	0	0
409.311292912	5613.61783854	3	10.6117436103	1	1	1
409.317302658	5100.27587891	1	nan	0	0	0
410.165105095	8080.77213542	3	22.3382906499	1	0	0
410.257424503	15575.4199219	3	5.48128387901	1	1	1
411.332568411	28738.7714844	3	8.2299284333	1	1	1
411.357967552	5219.14404297	1	nan	0	0	0
412.335877205	4807.54248047	1	nan	0	0	0
413.266006722	5987.46655273	2	1.79702775121	1	1	1
413.337150295	5414.19970703	1	nan	0	0	0
413.348254204	32256.4160156	3	13.95801551	1	1	1
413.373387326	29366.09375	3	6.72926961357	1	1	1
414.376741961	7622.71240234	3	6.47733371931	1	1	1
414.896627252	7354.96850586	2	2.07954597018	1	1	1
415.156877287	14189.9052734	3	11.137183122	1	1	1
415.316231364	15150.3404948	3	3.89090762466	1	1	1
416.084237642	7422.78352865	3	13.0741041937	1	1	1
416.274336845	16946.3860677	3	4.22525743894	1	1	1
416.301534527	5236.71191406	2	0.450339988136	1	1	1
417.308432473	5573.16113281	1	nan	0	0	0
417.319702141	6897.171875	3	0.487012480743	1	1	1
418.153654791	6847.0078125	1	nan	0	0	0
418.31718865	26567.3684896	3	14.6296100601	1	1	1
419.057083598	8435.97949219	3	15.9870948044	1	1	1
419.311125632	7878.62076823	3	10.1307831815	1	1	1
419.320395156	4897.34033203	1	nan	0	0	0
419.324000782	11667.6699219	3	23.9812286346	1	0	0
421.339729951	14373.3027344	3	40.1256792802	1	0	0
421.363254396	5985.93115234	3	18.2630253029	1	1	1
422.139028792	5361.03548177	3	8.78029996552	1	1	1
423.98175752	7873.34749349	3	15.9471306041	1	1	1
424.281879715	73477.6354167	3	10.1171918095	1	1	1
425.126095561	6361.27319336	2	22.1156538234	1	0	0
425.135481555	307238.458333	3	30.2419329488	1	0	0
425.285234144	14460.110026	3	10.5255310841	1	1	1
425.960529108	8064.28710938	1	nan	0	0	0
426.138936704	68171.9778646	3	26.3391320629	1	0	0
427.002293504	7003.51171875	3	13.7859347295	1	1	1
427.133702976	18697.9420573	3	32.2793063085	1	0	0
427.142855091	9171.75537109	2	15.2552298515	1	1	1
428.136937892	5538.1418457	2	6.32511248233	1	1	1
429.239614614	9801.72460938	3	9.76248566029	1	1	1
429.262832597	5406.20410156	2	2.06503740187	1	1	1
430.171248688	9308.20141602	2	22.1840943621	1	0	0
432.169255172	8988.05761719	2	42.0791216991	1	0	0
435.318966704	5684.21695964	3	5.52554493136	1	1	1
435.330033908	18177.796224	3	5.2494542427	1	1	1
436.177619651	4921.13012695	2	18.8884587643	1	1	1
436.333297481	5435.22949219	1	nan	0	0	0
437.138360454	8725.14078776	3	9.52056622874	1	1	1
437.313398962	9086.87011719	3	19.4954672403	1	1	1
437.334318202	9769.90983073	3	15.6588471027	1	1	1
438.065925792	4509.92724609	1	nan	0	0	0
438.283322573	5279.09033203	1	nan	0	0	0
440.193366723	16904.4117839	3	10.8196155422	1	1	1
440.285096918	10223.7652995	3	37.9691049165	1	0	0
440.299043883	39362.0664062	3	17.0025800244	1	1	1
441.289845228	4165.89208984	1	nan	0	0	0
441.302410318	11765.3821615	3	9.2018426506	1	1	1
441.934449042	4972.29833984	1	nan	0	0	0
442.300709131	4416.578125	1	nan	0	0	0
442.976195733	8124.06445312	3	21.3061429016	1	0	0
443.081865005	13741.1656901	3	12.1215796647	1	1	1
443.23357911	7998.72998047	3	19.8673346856	1	1	1
443.32215357	5964.92122396	3	16.4845887952	1	1	1
444.342640823	5343.60595703	2	17.5493400087	1	1	1
445.119342797	4684.70947266	2	1.58482888511	1	1	1
445.242419389	5132.83764648	2	5.06902482356	1	1	1
445.249075597	64182.5677083	3	5.38953545642	1	1	1
445.32666307	5494.93774414	2	6.9450153095	1	1	1
445.33780139	5309.71158854	3	10.9526532522	1	1	1
445.979489781	7004.52994792	3	17.48798025	1	1	1
445.989202517	4564.66040039	3	11.9849526736	1	1	1
446.252443448	14328.8850911	3	11.3104766369	1	1	1
446.906343679	4314.85205078	1	nan	0	0	0
447.014687965	7371.08837891	2	21.2039833892	1	0	0
447.342439589	12310.0016276	3	9.70553904924	1	1	1
447.357894752	8114.77587891	3	7.98268112845	1	1	1
448.221999516	12813.7496745	3	14.7041045262	1	1	1
448.31445307	3950.44995117	1	nan	0	0	0
448.961879643	5115.35058594	1	nan	0	0	0
449.394303166	4647.45019531	1	nan	0	0	0
449.879767503	4092.78735352	1	nan	0	0	0
450.005556205	18082.7545573	3	5.88834458576	1	1	1
450.193240087	9886.99975586	2	27.6547873701	1	0	0
450.317265425	6505.98583984	3	25.8019769686	1	0	0
450.32967825	38329.5507812	3	6.39571037777	1	1	1
450.998394558	4445.51904297	1	nan	0	0	0
451.059946769	6471.72412109	2	1.5224356012	1	1	1
451.257187581	8543.3585612	3	20.6664039532	1	0	0
451.292930086	7946.16341146	3	5.73019343667	1	1	1
451.304663854	6850.45214844	3	13.9408592271	1	1	1
451.313832864	12671.889974	3	11.5915065171	1	1	1
451.333207139	7996.13216146	3	6.58814362463	1	1	1
451.987071377	7360.38590495	3	19.2166449084	1	1	1
452.043928057	6103.65551758	3	26.4049458413	1	0	0
452.190524207	7325.77563477	2	38.8522446412	1	0	0
453.112607142	13116.3151042	3	9.23743732184	1	1	1
453.308334882	12882.578776	3	15.4590478784	1	1	1
453.32954536	4684.8499349	3	14.4114314304	1	1	1
454.040038257	14562.6572266	3	21.3138391528	1	0	0
454.257350343	14102.8408203	3	19.7421756082	1	1	1
454.311843905	5811.63574219	2	20.7093376619	1	0	0
454.960067105	6191.95751953	2	18.3257105893	1	1	1
455.260670373	4562.55322266	1	nan	0	0	0
456.04203146	4257.85839844	1	nan	0	0	0
456.115394818	5215.20849609	1	nan	0	0	0
456.167164172	9073.95572917	3	7.775953653	1	1	1
456.265643627	5044.17602539	2	4.66588048127	1	1	1
456.266916376	5810.27099609	1	nan	0	0	0
456.27291962	90449.03125	3	15.0517497225	1	1	1
456.292989604	5566.69856771	3	7.61389940281	1	1	1
456.907022251	4425.25634766	1	nan	0	0	0
457.012826014	7574.69498698	3	14.7690332355	1	1	1
457.043114446	7015.91064453	3	16.9648910157	1	1	1
457.276299636	19701.8404948	3	8.73317470942	1	1	1
457.363091032	4624.078125	2	4.53905930574	1	1	1
458.270675103	5528.79622396	3	9.74625444622	1	1	1
458.308533322	6239.24723307	3	13.3010657701	1	1	1
459.31722609	11952.4622396	3	10.7353370415	1	1	1
460.094872515	4477.22298177	3	1.01975217027	1	1	1
460.267232741	4603.03710938	1	nan	0	0	0
461.332739287	62168.8763021	3	15.6837463931	1	1	1
461.962908741	5711.66162109	2	6.37708984061	1	1	1
462.336186412	14932.5797526	3	15.0618510428	1	1	1
462.98894422	8643.1328125	1	nan	0	0	0
464.080727048	4456.3046875	1	nan	0	0	0
464.958314242	4604.04345703	1	nan	0	0	0
465.319774972	13610.8735352	2	4.01906449093	1	1	1
465.345012688	6355.91333008	2	4.21932301063	1	1	1
465.365638155	24529.8457031	3	21.8102579854	1	0	0
465.991937733	7069.47729492	2	6.00907655562	1	1	1
466.303620591	12645.3085938	3	13.2053690377	1	1	1
466.368969475	6076.28271484	3	27.2283996304	1	0	0
467.04356782	4432.29541016	1	nan	0	0	0
467.101383095	10191.0416667	3	11.0910057801	1	1	1
467.231091718	16194.1975911	3	8.72777595416	1	1	1
467.287754114	8384.94091797	3	13.5301731549	1	1	1
467.308505869	8056.7327474	3	3.17711255376	1	1	1
467.316405783	4573.64892578	1	nan	0	0	0
467.961010262	5522.09798177	3	10.7888724329	1	1	1
468.017205693	4666.46484375	1	nan	0	0	0
469.303204299	6529.93261719	1	nan	0	0	0
469.324219255	45801.7734375	3	14.3003732297	1	1	1
469.410636962	7736.40950521	3	11.8586144861	1	1	1
470.013784648	8216.01448568	3	18.0840780795	1	1	1
470.327585594	10368.5289714	3	15.5196235215	1	1	1
471.060962341	5779.39469401	3	1.81515819869	1	1	1
471.132838918	12721.0621745	3	24.5923020841	1	0	0
472.267902726	5549.46777344	1	nan	0	0	0
472.311673581	7034.08561198	3	20.6996174122	1	0	0
473.017096829	4438.41015625	1	nan	0	0	0
473.134602276	5474.66064453	1	nan	0	0	0
473.311047898	11756.7094727	2	1.84622386294	1	1	1
474.327962208	7820.86914062	3	34.7575142014	1	0	0
475.094397953	7433.58968099	3	27.5931595028	1	0	0
475.373853274	5908.97460938	1	nan	0	0	0
476.068805909	4221.46435547	1	nan	0	0	0
476.227437054	10488.253418	3	40.2401976121	1	0	0
476.23812688	4543.91015625	1	nan	0	0	0
476.332418196	18657.5322266	3	22.5921611611	1	0	0
477.316152473	5160.92822266	3	10.97885259	1	1	1
477.335870108	4928.71020508	2	5.58483835717	1	1	1
477.402123874	6215.28613281	3	19.8367265194	1	1	1
478.240833209	4581.92553711	3	13.773907199	1	1	1
478.254887698	4636.42822266	1	nan	0	0	0
479.335214078	38616.1113281	3	56.7123363624	1	0	0
480.232829457	5680.64013672	3	28.4041932499	1	0	0
480.319458589	4900.57202148	2	3.77399840171	1	1	1
480.338537803	13547.9731445	2	11.5787434907	1	1	1
481.33236563	17245.2290039	2	8.37578520712	1	1	1
481.979500576	4616.16308594	1	nan	0	0	0
481.997740565	7134.75878906	1	nan	0	0	0
482.335829524	3969.93286133	1	nan	0	0	0
483.075297973	20576.5188802	3	4.9668519744	1	1	1
483.282308594	6151.59570312	1	nan	0	0	0
483.314733901	4955.18652344	3	10.2155815182	1	1	1
483.944839798	4799.26367188	1	nan	0	0	0
484.074336157	5662.98681641	2	0.54573295256	1	1	1
484.311345807	22797.6972656	3	9.88763718624	1	1	1
484.323829459	49550.2161458	3	11.0321264379	1	1	1
485.072530054	4530.19555664	2	3.50803077505	1	1	1
485.298273742	9922.80696615	3	20.6853346276	1	0	0
485.327210834	10004.1894531	3	13.7823213794	1	1	1
486.326902334	8157.14778646	3	19.0081119619	1	1	1
487.115689652	4825.79858398	2	9.90531390252	1	1	1
487.326394013	12721.8341471	3	48.1346802933	1	0	0
487.961390769	5060.33935547	1	nan	0	0	0
487.97392656	7673.20882161	3	7.26021127782	1	1	1
488.329992289	6438.10302734	2	13.8688464787	1	1	1
489.32352682	6120.08300781	1	nan	0	0	0
489.943128369	5931.16772461	2	0.797359420695	1	1	1
490.322885874	5747.26171875	1	nan	0	0	0
491.99553802	4464.41015625	1	nan	0	0	0
492.256508073	5506.75	3	14.1662129591	1	1	1
493.043248834	4307.88928223	2	5.26408315458	1	1	1
500.238617394	4967.99316406	1	nan	0	0	0
502.036645284	5999.0164388	3	21.960300908	1	0	0
503.947693653	3993.62670898	1	nan	0	0	0
505.262434782	5042.2491862	3	10.7372510913	1	1	1
506.293425156	4047.00683594	1	nan	0	0	0
509.01720848	3962.48510742	1	nan	0	0	0
511.040684971	3023.95556641	1	nan	0	0	0
511.09628433	5504.32356771	3	35.7759069455	1	0	0
515.41291405	32263.1731771	3	12.9609721754	1	1	1
516.416224425	12183.9807943	3	18.6914527069	1	1	1
517.291581547	3353.62524414	2	0.0451936304645	1	1	1
517.39626539	11275.5255534	3	34.3809128951	1	0	0
518.24972444	31425.7324219	3	15.9321767079	1	1	1
518.399174782	4289.6920166	2	15.5045521125	1	1	1
519.252956315	7978.51302083	3	11.8684522991	1	1	1
519.294839151	6351.71402995	3	7.24148646351	1	1	1
522.261195095	4204.08044434	2	13.9842775633	1	1	1
522.267505933	5015.98242188	1	nan	0	0	0
522.35265225	3057.60375977	1	nan	0	0	0
523.351125379	4620.00602214	3	4.25406398763	1	1	1
525.071406847	3223.19116211	1	nan	0	0	0
525.337699896	4335.11572266	2	16.6126305245	1	1	1
525.363814632	3635.64135742	1	nan	0	0	0
525.387343092	7296.0234375	3	25.505232478	1	0	0
526.240942356	4448.1385498	2	8.35790328924	1	1	1
527.07025816	6875.6624349	3	17.6248745523	1	1	1
527.183157216	6838.40625	3	40.0866376057	1	0	0
527.239421124	3528.15917969	1	nan	0	0	0
529.47031892	5962.08561198	3	22.7799448913	1	0	0
530.212160429	4534.03662109	1	nan	0	0	0
530.317767737	5607.10693359	3	9.70991176234	1	1	1
531.407545441	11113.2855632	3	78.3416916849	1	0	0
531.485804421	15441.6139323	3	10.0894070327	1	1	1
532.094930968	4049.77709961	1	nan	0	0	0
532.290215139	6094.07568359	3	18.6316720566	1	1	1
532.394494705	5057.61230469	1	nan	0	0	0
532.411118147	4880.796875	2	38.608127435	1	0	0
532.439314085	15654.430013	3	19.3849885403	1	1	1
532.48890909	4910.61287435	3	22.7070603477	1	0	0
533.022645778	3056.2253418	1	nan	0	0	0
533.249046076	6295.3984375	3	12.3142645864	1	1	1
533.442113574	5825.2664388	3	14.3878454283	1	1	1
533.500610387	3178.49536133	1	nan	0	0	0
534.295417413	3069.33728027	2	0.0836024133142	1	1	1
535.519770242	16051.5224609	3	11.8128448877	1	1	1
536.522891499	4922.94482422	3	16.6530708678	1	1	1
537.168916656	2964.9453125	1	nan	0	0	0
537.378707895	12955.0182292	3	23.3715533281	1	0	0
537.386049065	21951.1289062	1	nan	0	0	0
537.394139382	383480.010417	3	16.9739413548	1	1	1
537.535294249	13299.4781901	3	12.0367947337	1	1	1
538.38182066	4451.75911458	3	27.0506215024	1	0	0
538.388376769	4991.88623047	1	nan	0	0	0
538.397957644	113637.356771	3	15.6933791798	1	1	1
538.538732585	4877.2171224	3	7.47201502938	1	1	1
539.390669096	13543.9176432	3	14.8739885073	1	1	1
539.401601084	15453.8710938	3	25.3565768959	1	0	0
539.993186983	3980.02587891	2	1.04966904438	1	1	1
540.037111396	5865.6875	1	nan	0	0	0
540.038434276	5141.04492188	2	15.6500133918	1	1	1
540.393544795	4381.89607747	3	17.9598769182	1	1	1
541.120449207	4166.1788737	3	5.91441560923	1	1	1
541.361291981	5296.51041667	3	24.9690187827	1	0	0
542.214869961	9390.00602214	3	13.1242701053	1	1	1
543.21820816	3999.26599121	2	0.00419083250354	1	1	1
545.40720355	9702.87109375	1	nan	0	0	0
545.413906045	17455.9316406	1	nan	0	0	0
545.422930144	550584.449219	3	97.8668366469	1	0	0
545.431203396	33007.1953125	1	nan	0	0	0
545.440230536	4585.29003906	1	nan	0	0	0
545.444748961	3382.32763672	1	nan	0	0	0
545.44609819	5919.4375	1	nan	0	0	0
545.50123234	5103.28385417	3	2.96660147961	1	1	1
546.410519077	8505.65698242	2	55.5079941483	1	0	0
546.416976761	5417.26855469	1	nan	0	0	0
546.426602039	165606.963216	3	96.4113389341	1	0	0
546.505035371	2918.46362305	1	nan	0	0	0
547.418886233	28648.7104492	2	53.2660745205	1	0	0
547.429632598	34453.1914062	2	55.8021373428	1	0	0
547.459810081	11613.2591146	3	15.4628818957	1	1	1
548.275475135	3501.65625	2	12.2298432438	1	1	1
548.285294625	64697.5729167	3	30.1318051768	1	0	0
548.422245826	8624.16259766	2	48.5353791992	1	0	0
548.463264796	3589.0078125	1	nan	0	0	0
549.288722917	20879.827474	3	23.8300926006	1	0	0
549.535614068	3415.93310547	1	nan	0	0	0
550.291666363	3422.71130371	2	18.352788422	1	1	1
550.359828726	12801.6261393	3	28.0132870988	1	0	0
551.362943443	5210.72607422	2	3.55129663713	1	1	1
551.550653174	2962.39257812	2	5.74872506585	1	1	1
552.20747172	3370.71240234	3	18.4438040217	1	1	1
553.331648488	3086.79663086	1	nan	0	0	0
553.335889129	3101.76147461	1	nan	0	0	0
553.3481031	34390.6419271	3	24.0926848411	1	0	0
553.351992034	33299.296875	1	nan	0	0	0
553.367596488	2086484.0	3	25.9384407401	1	0	0
553.376060616	59131.6621094	2	32.5125924798	1	0	0
553.386280307	13772.1318359	1	nan	0	0	0
553.388606223	75723.953125	2	58.564238157	1	0	0
553.390959469	14539.3994141	1	nan	0	0	0
553.400475037	3547.73388672	1	nan	0	0	0
554.278310828	2793.83325195	1	nan	0	0	0
554.355288342	14270.7832031	3	17.9702082323	1	1	1
554.371280066	623175.010417	3	25.1283937333	1	0	0
554.389799988	3143.29614258	1	nan	0	0	0
554.392508752	23719.7026367	2	60.6490483718	1	0	0
554.395413558	3440.94042969	1	nan	0	0	0
555.346694435	4193.26269531	1	nan	0	0	0
555.355532493	7502.23893229	3	26.8470474115	1	0	0
555.366316768	142624.054688	3	26.81634062	1	0	0
555.374417818	81694.0507812	3	27.7901582535	1	0	0
555.397079272	6170.046875	1	nan	0	0	0
555.486181659	3752.2035319	3	17.0413134009	1	1	1
556.369769456	39688.9576823	3	26.3352079369	1	0	0
557.094575522	18192.5611979	3	6.53382667519	1	1	1
557.362826108	3865.15494792	3	19.1902235122	1	1	1
557.372498571	5792.43155924	3	25.9205881134	1	0	0
557.5015579	65117.3763021	3	3.61233325219	1	1	1
558.09267741	4704.27392578	1	nan	0	0	0
558.094002775	6789.16625977	2	28.8407380137	1	0	0
558.504780784	21597.7845052	3	7.6165587427	1	1	1
559.091141735	4720.52172852	2	28.8615403457	1	0	0
559.150793794	6955.46858724	3	10.1814568117	1	1	1
559.516915355	43334.6015625	3	6.63601419137	1	1	1
560.520343447	13052.9267578	3	9.48362086036	1	1	1
561.15233047	2943.28662109	2	4.34148090256	1	1	1
561.53510474	29218.0397135	3	12.013074051	1	1	1
562.538401232	9869.72005208	3	8.47896669407	1	1	1
563.531916547	3472.29760742	1	nan	0	0	0
563.533553632	3576.0447998	2	1.21725720797	1	1	1
563.550720558	139477.723958	3	9.44594885545	1	1	1
564.554221322	48588.3841146	3	7.930859907	1	1	1
565.557636714	8499.53027344	3	19.3072928951	1	1	1
565.565608406	6178.06787109	1	nan	0	0	0
565.566765151	5212.88037109	1	nan	0	0	0
567.928197242	3712.08691406	3	7.70546405081	1	1	1
569.345240403	9305.48876953	2	58.0772457619	1	0	0
569.363313826	232214.554688	3	84.3557051944	1	0	0
569.384681282	3543.38964844	1	nan	0	0	0
570.347814551	4774.83642578	1	nan	0	0	0
570.356938147	6832.56005859	1	nan	0	0	0
570.366953271	64044.1842448	3	83.5861201712	1	0	0
571.361579954	15007.9887695	3	85.201149667	1	0	0
571.369933171	5629.59521484	1	nan	0	0	0
572.363873732	10982.1269531	1	nan	0	0	0
574.343303004	4223.37426758	2	3.07285284111	1	1	1