mz	intensity	present	rsd	present_flag	rsd_flag	flags
74.0239848972	1748.27270508	1	nan	0	0	0
74.0244127448	1708.28649902	1	nan	0	0	0
79.0541880924	1655.10644531	1	nan	0	0	0
91.0541675484	2240.44458008	2	17.2623405759	1	1	1
95.0160858176	2103.96761068	3	4.20489119551	1	1	1
95.0851560034	2406.76550293	2	2.42155406743	1	1	1
95.0854897536	8017.24788411	3	19.7221664292	1	1	1
96.0419440285	2504.12491862	3	22.812529028	1	0	0
96.0474089996	2124.44506836	1	nan	0	0	0
96.0477213973	5822.44466146	3	18.4659407906	1	1	1
97.0075422847	2755.63659668	2	9.9849717653	1	1	1
97.0283609562	3099.90372721	3	12.553779533	1	1	1
97.0644402403	1602.1628418	1	nan	0	0	0
97.064746917	5101.8766276	3	15.6601421993	1	1	1
97.0858855325	2176.41499837	3	14.4771270515	1	1	1
97.1007966179	2145.60351562	2	4.86391594731	1	1	1
97.1011327794	8222.15738932	3	23.1733807867	1	0	0
99.0440158988	4432.8499349	3	5.14366950896	1	1	1
99.0800309999	2386.50708008	3	9.38354250592	1	1	1
99.0804021107	10764.117513	3	4.25417138395	1	1	1
100.075645927	4175.22290039	3	1.68617643535	1	1	1
101.002460124	1824.88549805	3	7.95682728782	1	1	1
101.002734779	4911.59895833	3	11.8000974884	1	1	1
101.003116523	23181.3496094	3	12.0005047678	1	1	1
101.003438568	2094.93701172	1	nan	0	0	0
101.059002047	2452.14900716	3	6.15015243095	1	1	1
101.059283401	7568.50406901	3	15.4265942683	1	1	1
101.059664435	35930.2096354	3	4.23363487808	1	1	1
101.060010883	1833.57489014	2	11.2576353659	1	1	1
101.096056593	3515.98225911	3	6.50271138606	1	1	1
101.330512552	1616.21777344	1	nan	0	0	0
101.726763531	1664.38439941	1	nan	0	0	0
101.733745632	3145.02685547	1	nan	0	0	0
101.735789336	1633.24890137	1	nan	0	0	0
101.736404695	2450.56860352	1	nan	0	0	0
101.736893538	1575.77502441	1	nan	0	0	0
101.73804327	1521.0480957	1	nan	0	0	0
101.738550184	1755.1151123	1	nan	0	0	0
101.739915158	1862.6875	1	nan	0	0	0
101.742250007	1790.09375	1	nan	0	0	0
101.742559616	1859.97753906	1	nan	0	0	0
101.743316272	2569.1428833	2	38.9557087825	1	0	0
101.743531699	1846.68652344	1	nan	0	0	0
101.74422278	2008.36743164	1	nan	0	0	0
101.744626071	1728.69909668	1	nan	0	0	0
101.744930964	2009.46850586	1	nan	0	0	0
101.745388942	2144.19799805	1	nan	0	0	0
101.745723566	2062.52539062	1	nan	0	0	0
101.745996934	2419.64916992	1	nan	0	0	0
101.746443046	2341.92895508	2	2.48729716141	1	1	1
101.746741351	1945.10998535	1	nan	0	0	0
101.747013568	1955.65490723	2	11.1226489438	1	1	1
101.747909769	2684.26098633	1	nan	0	0	0
101.748140437	2986.80200195	1	nan	0	0	0
101.748603222	1906.28729248	2	10.9458956217	1	1	1
101.748950182	2285.35546875	1	nan	0	0	0
101.749568064	2550.58215332	2	5.73186488666	1	1	1
101.749944456	1889.0838623	2	11.8579420531	1	1	1
101.750499136	2598.70776367	1	nan	0	0	0
101.750871883	1589.64306641	1	nan	0	0	0
101.751087649	2241.9418335	2	9.34762968776	1	1	1
101.751796574	1729.59332275	2	10.1171772952	1	1	1
101.752161442	2145.91064453	1	nan	0	0	0
101.752970489	3167.04125977	2	39.9072061865	1	0	0
101.753205431	2151.53979492	1	nan	0	0	0
101.753588409	1772.23046875	1	nan	0	0	0
101.753863845	2343.43859863	3	32.3513481486	1	0	0
101.754229039	1726.5637207	1	nan	0	0	0
101.754585661	2625.31624349	3	27.1336397132	1	0	0
101.754837806	1536.34741211	1	nan	0	0	0
101.755347961	2216.42578125	2	6.77183845754	1	1	1
101.755599896	2759.28894043	2	24.6237285766	1	0	0
101.755917549	2397.0246582	1	nan	0	0	0
101.756125557	2967.41617839	3	23.441528216	1	0	0
101.756455355	2182.34020996	2	9.2122484671	1	1	1
101.756787361	2243.62440999	3	12.5670229669	1	1	1
101.757100401	2312.15118408	2	24.1878096847	1	0	0
101.757303931	2012.98181152	2	19.9541525718	1	1	1
101.757588125	2253.85150146	2	23.9207202363	1	0	0
101.757868328	3162.50854492	1	nan	0	0	0
101.758230739	2472.28499349	3	27.5268564594	1	0	0
101.758551062	2253.59179688	1	nan	0	0	0
101.758836488	2565.3503418	1	nan	0	0	0
101.759108927	2078.21862793	2	6.43661672433	1	1	1
101.759350874	2469.15527344	2	10.5539636492	1	1	1
101.759616695	3366.94799805	2	37.2580662821	1	0	0
101.759859854	1774.62072754	1	nan	0	0	0
101.760331591	2219.7755127	2	17.9478499182	1	1	1
101.760592777	2183.88452148	2	28.276109476	1	0	0
101.760963002	2180.15600586	3	19.302870915	1	1	1
101.761502361	2094.59643555	1	nan	0	0	0
101.761758661	2283.51664225	3	20.9206370078	1	0	0
101.762096056	1555.71948242	1	nan	0	0	0
101.762380183	3787.01391602	1	nan	0	0	0
101.762653234	3906.70629883	1	nan	0	0	0
101.762917178	2547.92736816	2	26.3858238024	1	0	0
101.763205404	2776.21789551	2	25.9979289249	1	0	0
101.763526646	2336.73714193	3	9.21652482848	1	1	1
101.76383849	3269.46606445	2	36.1995792479	1	0	0
101.764182244	2715.4313151	3	23.4087757907	1	0	0
101.764574061	2417.40836589	3	9.26314835587	1	1	1
101.764962571	2686.28881836	2	9.73851860381	1	1	1
101.765227642	3145.88525391	1	nan	0	0	0
101.76571499	3763.8733724	3	30.9803711967	1	0	0
101.766104402	2310.32653809	2	10.492204059	1	1	1
101.766396842	3363.98795573	3	31.9983906014	1	0	0
101.766755829	1868.76965332	1	nan	0	0	0
101.767046239	3256.00488281	2	2.99765397407	1	1	1
101.767387975	2177.97351074	2	5.74411699971	1	1	1
101.767881317	2730.10424805	2	24.8161347004	1	0	0
101.768399661	2493.90063477	1	nan	0	0	0
101.768655597	2609.70941162	2	34.4643354675	1	0	0
101.768963987	3217.23596191	2	22.0925027803	1	0	0
101.76947506	2651.29986572	3	34.4807436265	1	0	0
101.769960355	2462.60253906	1	nan	0	0	0
101.770257096	2429.0929362	3	22.4645612932	1	0	0
101.770644736	2346.23008219	3	26.6798509915	1	0	0
101.771319512	2359.85481771	3	27.7619602085	1	0	0
101.771883263	2621.7635498	3	46.9303074849	1	0	0
101.77221941	3777.88968913	3	64.643136442	1	0	0
101.772498359	4122.70849609	1	nan	0	0	0
101.772785464	3479.53027344	1	nan	0	0	0
101.773001223	2387.66931152	2	11.5287809627	1	1	1
101.77333382	2763.15340169	3	23.7289699855	1	0	0
101.77376836	2875.89355469	3	9.99012594533	1	1	1
101.774008215	1695.62280273	1	nan	0	0	0
101.774232106	2630.40106201	2	25.6586110456	1	0	0
101.774607012	3021.93302409	3	21.0048825431	1	0	0
101.774902304	3233.74853516	2	28.0854217385	1	0	0
101.775160095	5159.34411621	2	30.8507889454	1	0	0
101.775441806	3753.46044922	3	42.3329949065	1	0	0
101.775970624	4571.35839844	3	30.3735352087	1	0	0
101.776387584	4272.90576172	2	1.8736449268	1	1	1
101.776597566	3853.29321289	2	51.6373505845	1	0	0
101.776922811	2982.55639648	2	16.0784250809	1	1	1
101.777179424	3255.05818685	3	52.0524113111	1	0	0
101.777500993	2451.84936523	3	42.7302174232	1	0	0
101.777903256	3449.32421875	2	32.4697602678	1	0	0
101.778193425	3489.65930176	2	28.7205512912	1	0	0
101.778566206	3500.77734375	3	22.3306344827	1	0	0
101.778984829	3690.45495605	2	17.7665262744	1	1	1
101.77920691	5337.23144531	1	nan	0	0	0
101.779472373	3755.36242676	2	7.6963608907	1	1	1
101.779807326	5093.23787435	3	35.4045615048	1	0	0
101.780025198	2490.97747803	2	28.5873737433	1	0	0
101.780387656	4163.30061849	3	37.9880652768	1	0	0
101.780695014	3688.66882324	3	40.0987495222	1	0	0
101.781071679	3083.89855957	2	22.4394029014	1	0	0
101.781275944	2106.08569336	2	25.2156168989	1	0	0
101.781584085	4436.92195638	3	27.9039955033	1	0	0
101.782118676	5248.36588542	3	41.7915787149	1	0	0
101.782469108	3191.52294922	3	11.6610721542	1	1	1
101.782757255	4234.77709961	2	20.102813115	1	0	0
101.783009312	2287.07910156	1	nan	0	0	0
101.78336332	5408.11767578	3	36.425861941	1	0	0
101.783783088	4564.80285645	2	13.4010886254	1	1	1
101.783995425	3760.56506348	2	7.8427771965	1	1	1
101.784266322	2721.30450439	2	26.8879884388	1	0	0
101.784575928	4902.43570964	3	17.4545720097	1	1	1
101.785020069	6028.34749349	3	30.3572281663	1	0	0
101.785398706	3615.4543457	2	11.0393134507	1	1	1
101.785681975	4284.65486654	3	38.2801722995	1	0	0
101.786008827	4228.49251302	3	14.0946844707	1	1	1
101.786270836	3696.85042318	3	23.6428756865	1	0	0
101.786513375	5921.49267578	1	nan	0	0	0
101.786789746	4775.84594727	2	2.85167595217	1	1	1
101.78703548	4444.08789062	1	nan	0	0	0
101.787286822	3391.04744466	3	17.5830985434	1	1	1
101.787587881	3731.62972005	3	24.7446489697	1	0	0
101.787847282	3175.24169922	2	0.453082819267	1	1	1
101.788073046	5216.47216797	1	nan	0	0	0
101.788429978	3752.92293294	3	17.9831534671	1	1	1
101.788848205	2395.59594727	1	nan	0	0	0
101.789151362	4498.09375	2	8.02161636179	1	1	1
101.789389966	4991.85107422	1	nan	0	0	0
101.789741687	3358.12178548	3	28.4932012798	1	0	0
101.790152102	2675.90307617	3	27.6222948489	1	0	0
101.790443723	3679.90087891	2	8.83544836904	1	1	1
101.790843662	3559.11735026	3	10.6376853614	1	1	1
101.791164734	3927.01257324	2	27.817658684	1	0	0
101.791434438	3269.17822266	1	nan	0	0	0
101.791810126	3382.28474935	3	15.6964708233	1	1	1
101.792105442	2298.94677734	2	18.4579258122	1	1	1
101.792403241	1615.86401367	1	nan	0	0	0
101.792723197	3287.10839844	3	24.5642957466	1	0	0
101.793044734	3137.8910319	3	26.7369586826	1	0	0
101.79342583	3911.06713867	2	36.2970576722	1	0	0
101.793748106	1845.30389404	2	9.38811864034	1	1	1
101.794089436	3697.38810221	3	45.0290487468	1	0	0
101.794664365	3173.46110026	3	32.9089959807	1	0	0
101.794985705	3145.70184326	2	40.6991446255	1	0	0
101.795394917	2660.84594727	2	11.0316754329	1	1	1
101.795687381	2001.21142578	2	21.8276234537	1	0	0
101.795900213	3080.57885742	1	nan	0	0	0
101.796126599	2396.24560547	1	nan	0	0	0
101.796381107	1996.97772217	2	19.7480090993	1	1	1
101.796600568	1849.1229248	1	nan	0	0	0
101.797108724	2073.30200195	1	nan	0	0	0
101.797442912	3739.05200195	1	nan	0	0	0
101.797704649	2123.75268555	1	nan	0	0	0
101.797991758	2397.39379883	2	2.36740845594	1	1	1
101.798581833	2385.11303711	1	nan	0	0	0
101.799431377	1647.98046875	1	nan	0	0	0
101.79994788	1709.63000488	1	nan	0	0	0
101.800802114	2189.95361328	2	3.56892102051	1	1	1
101.801346928	2141.14257812	1	nan	0	0	0
101.801841823	1551.88464355	1	nan	0	0	0
101.802298488	2091.54101562	1	nan	0	0	0
101.802783682	1945.55969238	2	22.3907228154	1	0	0
101.803103573	1699.09997559	1	nan	0	0	0
101.803617041	1739.29077148	1	nan	0	0	0
101.804001219	2538.65625	1	nan	0	0	0
101.804656931	1786.59997559	1	nan	0	0	0
101.804888126	1600.20727539	1	nan	0	0	0
101.80513014	1710.28381348	1	nan	0	0	0
101.806279363	1829.64245605	1	nan	0	0	0
101.835264938	1613.60095215	1	nan	0	0	0
102.054915411	2796.15047201	3	15.598339333	1	1	1
102.063018631	1747.62103271	2	4.81053292906	1	1	1
102.091284862	2322.52205404	3	14.1665689624	1	1	1
102.127316375	1760.50012207	1	nan	0	0	0
102.127684547	5598.75927734	3	1.39567687806	1	1	1
102.969814617	3246.48876953	3	0.656126926287	1	1	1
102.970227357	14508.3079427	3	9.46641033355	1	1	1
103.038928668	3813.11352539	3	6.01472476064	1	1	1
103.074933192	1563.77148438	1	nan	0	0	0
103.07531665	5461.36376953	3	7.11076889432	1	1	1
104.070571093	1703.72916667	3	5.71749877807	1	1	1
105.003235503	3956.93196615	3	6.32266004272	1	1	1
105.069822958	1848.88873291	2	17.8910486936	1	1	1
105.090959871	5710.45841471	3	23.3725145702	1	0	0
106.049823944	1695.44262695	2	0.791010713031	1	1	1
107.049111449	2348.85424805	1	nan	0	0	0
107.069793471	1708.89013672	1	nan	0	0	0
107.070230491	7282.30094401	3	5.25083760244	1	1	1
107.084755445	1930.50113932	3	8.0303079906	1	1	1
107.08506167	5493.45914714	3	9.77283673189	1	1	1
107.085488458	27228.7753906	3	3.24108706937	1	1	1
107.106611928	1794.33040365	3	6.61402494915	1	1	1
108.088858272	2542.70385742	2	6.43677840866	1	1	1
109.02595818	1958.51342773	3	8.86743473022	1	1	1
109.064744048	3908.87687174	3	5.82439663962	1	1	1
109.100380459	2745.26660156	3	17.1156833078	1	1	1
109.100703291	7555.32958984	3	22.4626470553	1	0	0
109.101136767	36100.8066406	3	13.9332739626	1	1	1
109.101507995	2159.98693848	2	3.85983575905	1	1	1
110.104495824	2662.88533529	3	16.6659302139	1	1	1
111.023181858	1728.35656738	1	nan	0	0	0
111.041630666	1985.52667236	2	21.2140013843	1	0	0
111.044021591	1656.85455322	2	2.86182759425	1	1	1
111.079953891	3246.70410156	3	10.9480050487	1	1	1
111.080401812	17176.1634115	3	15.1310454912	1	1	1
111.116350777	1972.94962565	3	7.30032244265	1	1	1
111.116786121	8225.06494141	3	7.63610261566	1	1	1
112.083769766	1714.94311523	1	nan	0	0	0
113.057275478	1997.67264811	3	16.5017809283	1	1	1
113.059209243	1938.90185547	2	9.04898446714	1	1	1
113.05966571	9478.72721354	3	12.9004482919	1	1	1
113.096056829	5705.046875	3	12.7212308309	1	1	1
114.065320601	3322.68098958	3	4.75839510632	1	1	1
114.065683768	8816.74007161	3	16.1971134531	1	1	1
114.066146153	47238.046875	3	6.22658519557	1	1	1
114.066544138	3057.10205078	1	nan	0	0	0
114.090840695	1946.42315674	2	20.7055698025	1	0	0
114.091303811	8250.18522135	3	7.22891713545	1	1	1
115.036520573	1957.91137695	1	nan	0	0	0
115.038943538	1597.29614258	1	nan	0	0	0
115.069499087	2326.10331217	3	21.5354278025	1	0	0
115.074471574	1676.21899414	1	nan	0	0	0
115.074849833	4275.47892253	3	12.9871378809	1	1	1
115.075317847	20541.8964844	3	3.35501500218	1	1	1
115.11170524	5949.33382161	3	10.1935724823	1	1	1
116.070553115	3025.08300781	3	23.5675250772	1	0	0
116.078685535	1874.11279297	1	nan	0	0	0
116.984992877	2780.16113281	3	5.13742464807	1	1	1
116.985384365	9398.23763021	3	8.5413013032	1	1	1
116.985867845	48861.046875	3	1.84561561316	1	1	1
116.986297245	2739.42602539	2	4.66024858188	1	1	1
117.054117355	1921.89355469	2	2.0590692976	1	1	1
117.054577509	8994.27832031	3	8.71195711154	1	1	1
117.069853814	3904.42016602	3	25.1517163181	1	0	0
117.090969545	5384.875	3	1.93110745865	1	1	1
118.086221436	2288.1270752	3	32.2276071428	1	0	0
119.018877222	4084.97509766	3	10.2942267315	1	1	1
119.033853466	2091.27526855	3	3.70589972868	1	1	1
119.070223832	2726.34073893	3	8.65044256808	1	1	1
119.084973666	2039.53381348	3	15.5251501629	1	1	1
119.08548245	10788.6901042	3	8.2456310784	1	1	1
119.106629543	3995.83951823	3	14.3885513668	1	1	1
120.065477334	1735.0612793	2	2.38271427227	1	1	1
120.97986049	3277.5304362	3	13.1350140522	1	1	1
120.980260047	11294.4378255	3	16.4329733995	1	1	1
120.980786328	57072.9401042	3	23.023809278	1	0	0
120.981259132	3189.44970703	3	31.6677859092	1	0	0
121.00756222	8234.66194661	3	5.8671223895	1	1	1
121.064749758	5091.04736328	3	13.8582436589	1	1	1
121.101134974	4104.06111654	3	11.5017901277	1	1	1
123.013806183	2617.01123047	1	nan	0	0	0
123.041614993	4091.56974284	3	21.438793869	1	0	0
123.055267346	1525.00183105	1	nan	0	0	0
123.080402765	3904.73030599	3	6.55220439383	1	1	1
123.116775743	5241.50748698	3	13.1641857214	1	1	1
124.112040779	2291.5209554	3	24.097277446	1	0	0
124.973643787	2012.71276855	1	nan	0	0	0
125.038864109	1624.05249023	1	nan	0	0	0
125.05967335	3520.15226237	3	11.6967175412	1	1	1
125.095051031	2120.35994466	3	10.773487477	1	1	1
125.095489803	8756.94401042	3	15.9542390882	1	1	1
125.096046942	43060.3307292	3	12.4996316865	1	1	1
125.096554318	2235.10131836	1	nan	0	0	0
125.132412985	1665.10870361	2	7.49365651532	1	1	1
126.091305573	1653.51208496	1	nan	0	0	0
126.099406327	3852.35245768	3	26.3947556085	1	0	0
127.038951288	2653.32373047	1	nan	0	0	0
127.042303862	1476.65844727	1	nan	0	0	0
127.047750416	1974.2409668	1	nan	0	0	0
127.072921745	3322.98030599	3	27.3547673482	1	0	0
127.074766582	1634.95800781	1	nan	0	0	0
127.075323167	8620.90413411	3	9.9911393849	1	1	1
127.111127159	3883.5316569	3	20.8285850185	1	0	0
127.111711577	19698.3733724	3	12.7604496804	1	1	1
128.045406791	1769.71807861	2	11.6917257046	1	1	1
128.106951148	2363.23168945	3	5.41319944714	1	1	1
128.115059012	1749.24674479	3	11.2268872283	1	1	1
128.143330786	1921.1324056	3	11.5825221569	1	1	1
129.052174179	3159.33642578	3	6.09501396699	1	1	1
129.053961845	1527.59594727	1	nan	0	0	0
129.054584295	4280.86083984	3	12.003508355	1	1	1
129.090370215	4083.99088542	3	8.25708320054	1	1	1
129.090974873	21118.2584635	3	3.74783906012	1	1	1
129.127362071	6271.29313151	3	8.08296899434	1	1	1
130.049220188	3951.84228516	3	4.79122439572	1	1	1
130.049839691	16780.5722656	3	10.0391022527	1	1	1
130.065090345	3068.39746094	3	30.0963753664	1	0	0
130.086220922	2725.43579102	3	17.4395331097	1	1	1
130.094321168	2271.91723633	1	nan	0	0	0
130.158996485	4473.2660319	3	28.4885244555	1	0	0
130.964044928	1893.25915527	1	nan	0	0	0
130.964504059	5633.40380859	3	12.8197238307	1	1	1
130.965139789	26026.8580729	3	10.4908404072	1	1	1
130.965675222	1887.54016113	1	nan	0	0	0
131.001524786	1892.83874512	3	18.2895330652	1	1	1
131.033854424	1527.28894043	2	0.00350076501307	1	1	1
131.069602928	2667.61035156	3	9.44898529321	1	1	1
131.070234693	10451.4042969	3	11.7290642432	1	1	1
131.084840811	1908.30627441	1	nan	0	0	0
131.085484453	6051.25406901	3	14.9442352093	1	1	1
131.105994391	2297.26302083	3	15.4590757499	1	1	1
131.106607939	11033.1246745	3	1.78214907989	1	1	1
132.065453188	1757.22845459	2	1.09117852386	1	1	1
132.101236655	1790.9597168	2	13.2600445134	1	1	1
132.101860099	6151.43359375	3	5.06938063918	1	1	1
133.033911788	2402.25427246	2	5.82445982363	1	1	1
133.034532547	8342.73876953	3	3.73392283621	1	1	1
133.049467795	2701.71801758	1	nan	0	0	0
133.06474847	3348.87524414	3	17.9819693409	1	1	1
133.084762442	1808.89007568	2	3.55990202064	1	1	1
133.085238944	7735.4601237	3	7.63800747281	1	1	1
133.085885943	28367.2701823	3	5.55482213099	1	1	1
133.100508301	4403.65820312	3	7.51237059116	1	1	1
133.101143666	18270.4420573	3	3.87134248098	1	1	1
133.976016681	1619.34411621	1	nan	0	0	0
134.03536144	1579.05090332	1	nan	0	0	0
134.044773954	1545.98950195	1	nan	0	0	0
134.081129547	1572.78955078	1	nan	0	0	0
134.089242414	1905.15445964	3	8.4541083113	1	1	1
134.096416428	1787.80480957	1	nan	0	0	0
134.104477945	2771.97973633	1	nan	0	0	0
134.117528717	2374.83422852	2	9.36827313502	1	1	1
134.985683122	1597.19250488	1	nan	0	0	0
134.986175715	4258.72688802	3	11.1557572616	1	1	1
134.986825883	15848.9778646	3	10.1903939441	1	1	1
134.995782455	3535.1879069	3	24.5500633623	1	0	0
134.996438762	13673.9205729	3	22.914220441	1	0	0
135.023190779	2357.13598633	3	26.5995280481	1	0	0
135.032068352	2172.38037109	1	nan	0	0	0
135.041620024	2702.49039714	3	13.6516838295	1	1	1
135.043381546	2289.88354492	3	25.9776205959	1	0	0
135.044024972	10357.5488281	3	4.84207973092	1	1	1
135.065144541	1687.66772461	1	nan	0	0	0
135.078858911	1759.63818359	1	nan	0	0	0
135.079255647	12547.1699219	3	9.69528379937	1	1	1
135.079766266	54141.9635417	3	11.0798312175	1	1	1
135.080389349	225112.0	3	14.2929851984	1	1	1
135.080974254	15082.3369141	3	14.7225699309	1	1	1
135.100388053	1982.33654785	3	17.6589839209	1	1	1
135.100886502	8030.73258464	3	10.4397206669	1	1	1
135.101525386	29769.2714844	3	1.58188212239	1	1	1
135.115659459	2168.55672201	3	1.90771624682	1	1	1
135.11613352	9104.54947917	3	17.215806442	1	1	1
135.11679186	34123.2851562	3	12.8629699535	1	1	1
135.117452715	1958.26647949	1	nan	0	0	0
136.02085461	4767.16162109	3	4.82680360754	1	1	1
136.021507149	17254.8736979	3	0.467264413926	1	1	1
136.046940907	1808.78552246	1	nan	0	0	0
136.047439688	5566.48502604	3	24.364408063	1	0	0
136.04809829	23274.5338542	3	13.4312694972	1	1	1
136.048648719	1810.54211426	1	nan	0	0	0
136.061729291	1944.39434814	2	14.345974727	1	1	1
136.072596846	2228.68823242	3	4.0356287848	1	1	1
136.07325133	8580.75097656	3	20.555801189	1	0	0
136.075695798	1935.96826172	2	6.52481561154	1	1	1
136.082610719	1757.42303467	2	11.1808974065	1	1	1
136.083090598	5384.99348958	3	10.8821047276	1	1	1
136.083763727	21984.3776042	3	15.9581983532	1	1	1
136.104877739	2075.35050456	3	18.3607999943	1	1	1
136.112022258	2364.24304199	2	12.0934718768	1	1	1
136.120132139	4136.62849935	3	27.1903858359	1	0	0
137.024871535	2343.7878418	1	nan	0	0	0
137.045758933	5763.1110026	3	15.3358809591	1	1	1
137.051457902	1517.06958008	1	nan	0	0	0
137.056088811	1528.23840332	1	nan	0	0	0
137.056590637	6056.79003906	3	21.1696441229	1	0	0
137.057266058	23673.3958333	3	14.0052445286	1	1	1
137.05899518	6374.34733073	3	11.4270224691	1	1	1
137.059671506	25311.140625	3	11.5412009694	1	1	1
137.094483351	1918.95465088	2	7.61786051105	1	1	1
137.094878131	9683.90201823	3	12.1525604836	1	1	1
137.095394034	39542.2760417	3	11.7046351349	1	1	1
137.096043769	167853.28125	3	10.7829322271	1	1	1
137.096619276	9469.41308594	3	7.29191309097	1	1	1
137.131763423	4240.89599609	3	1.68939749479	1	1	1
137.132448083	18184.9023438	3	8.28901625427	1	1	1
138.017310331	1499.5135498	1	nan	0	0	0
138.052496059	2064.85734049	3	19.5547408582	1	1	1
138.063021148	2402.32108561	3	19.184309462	1	1	1
138.090627606	3318.97192383	3	14.2995614148	1	1	1
138.09130578	12995.8190104	3	10.6163438181	1	1	1
138.098726931	3618.44978841	3	13.2598944924	1	1	1
138.099410171	14312.5979818	3	11.4491684226	1	1	1
138.135807465	1909.71624756	2	4.24739645581	1	1	1
138.906452624	1835.51269531	1	nan	0	0	0
139.035835589	4690.68033854	3	4.04385759484	1	1	1
139.036534962	19513.5013021	3	7.85530641731	1	1	1
139.038925714	2866.98209635	3	7.37864371988	1	1	1
139.050156913	4250.5534668	3	33.5528548569	1	0	0
139.072214166	1828.75537109	2	1.97078811767	1	1	1
139.072912717	7349.96940104	3	11.3425727834	1	1	1
139.074106286	2800.95161947	3	21.9500470592	1	0	0
139.07462975	11911.6500651	3	13.6384857376	1	1	1
139.075322241	50529.0546875	3	16.5443429074	1	1	1
139.075954663	2774.00341797	2	13.411779181	1	1	1
139.110493604	3270.50113932	3	7.16020372354	1	1	1
139.11101745	15296.4511719	3	7.43377071881	1	1	1
139.111699943	67030.5208333	3	3.7087565533	1	1	1
139.112287064	3133.10595703	2	3.6294449351	1	1	1
140.070597359	1622.89477539	1	nan	0	0	0
140.078661348	3612.41259766	3	7.30433773354	1	1	1
140.1062339	1592.06091309	1	nan	0	0	0
140.106948262	5993.16894531	3	17.4029735561	1	1	1
140.115056403	4538.38818359	3	5.88129766717	1	1	1
140.952412979	2295.46130371	3	20.6751813774	1	0	0
141.015794861	3232.72159831	3	4.21425264118	1	1	1
141.051465022	2930.88037109	3	2.68778041657	1	1	1
141.052180485	12436.6386719	3	11.5750270076	1	1	1
141.05459704	2484.02270508	3	5.25869758763	1	1	1
141.087330144	2278.85131836	1	nan	0	0	0
141.087852894	8564.22102865	3	14.8339573611	1	1	1
141.088571783	36896.7167969	3	13.737184627	1	1	1
141.089517631	1773.82165527	1	nan	0	0	0
141.090254843	6779.98681641	3	9.85834188861	1	1	1
141.090973947	23949.1041667	3	3.30132730394	1	1	1
141.12664136	2015.31225586	3	15.4167406804	1	1	1
141.127353918	6586.55029297	3	7.66041605457	1	1	1
142.04670244	3626.55322266	3	19.2003816058	1	1	1
142.04742697	16586.1484375	3	17.6498324942	1	1	1
142.077612299	1916.05725098	1	nan	0	0	0
142.085523385	1647.04577637	1	nan	0	0	0
142.086209157	4865.85595703	3	2.13309282134	1	1	1
142.09191591	2228.90429688	3	5.74991740709	1	1	1
142.094309672	1718.78961182	2	3.17931238019	1	1	1
142.121346589	2540.6500651	3	13.4857833779	1	1	1
142.121880297	11623.375	3	16.4725165349	1	1	1
142.122604416	47430.3151042	3	12.4884881528	1	1	1
142.123243191	1979.59973145	2	1.16808528101	1	1	1
142.15827293	3033.34204102	3	19.3149621128	1	1	1
142.158991147	13146.0517578	3	13.9606846523	1	1	1
142.918252412	2022.01464844	1	nan	0	0	0
142.938504825	1997.0581665	2	16.8341702323	1	1	1
143.000785192	2070.27750651	3	9.80155654109	1	1	1
143.001532603	8398.75244141	3	7.34448967483	1	1	1
143.03147384	1600.1151123	2	1.44015059952	1	1	1
143.067811106	4525.63549805	3	14.4853174831	1	1	1
143.070248212	4958.12955729	3	9.75410425514	1	1	1
143.085490744	6200.79345703	3	8.14675655631	1	1	1
143.105354363	1760.40637207	2	8.11607233188	1	1	1
143.105890387	7331.7117513	3	5.87648474801	1	1	1
143.106624506	32960.3235677	3	3.88350200461	1	1	1
143.107308495	1827.77075195	1	nan	0	0	0
143.125970386	3699.80843099	3	4.42309513813	1	1	1
143.162328235	1583.07733154	2	4.31530632581	1	1	1
144.065473861	1687.5847168	1	nan	0	0	0
144.08000062	2166.14790853	3	7.63169782788	1	1	1
144.080734908	8697.02929688	3	4.85104806525	1	1	1
144.101862967	4508.56632487	3	11.8848581168	1	1	1
144.109947964	1728.06730143	3	7.23793847219	1	1	1
144.138263155	2784.61682129	3	23.9642418811	1	0	0
144.980062651	1637.49511719	1	nan	0	0	0
144.980775133	6537.38769531	3	11.6908132313	1	1	1
145.046346506	1668.87845866	3	7.75300723463	1	1	1
145.047091192	7286.17366536	3	9.13314955768	1	1	1
145.049503072	3142.48498535	3	47.9604402851	1	0	0
145.064748506	1808.24212646	2	13.619146865	1	1	1
145.100412357	2523.24365234	3	6.12450331062	1	1	1
145.101125679	12955.9436849	3	10.1168829822	1	1	1
145.122265377	5031.48323568	3	17.8375275015	1	1	1
146.995703887	1688.8717041	1	nan	0	0	0
146.99645056	5799.56038411	3	12.8671563618	1	1	1
147.044011919	2129.75317383	2	2.08144260042	1	1	1
147.079634119	1801.54182943	3	21.4696015933	1	0	0
147.080407926	8813.91259766	3	12.4365514838	1	1	1
147.116056313	1835.05053711	1	nan	0	0	0
147.116794496	7405.7203776	3	3.22134315421	1	1	1
149.001682087	3934.22517904	3	17.3230933345	1	1	1
149.002478738	16388.6666667	3	5.6963746924	1	1	1
149.022496572	6918.44010417	3	7.14885587447	1	1	1
149.023282829	28299.6074219	3	4.96581266701	1	1	1
149.044825758	5372.22705078	3	8.50003399425	1	1	1
149.058869876	1655.63000488	1	nan	0	0	0
149.05967201	6114.36442057	3	16.0189230804	1	1	1
149.095311596	1720.29638672	1	nan	0	0	0
149.096069261	7338.26660156	3	8.30715166068	1	1	1
149.131664146	2551.2911377	2	7.55625658098	1	1	1
149.13244314	8217.44287109	3	6.67243270043	1	1	1
150.026651643	2187.69116211	2	23.5353428378	1	0	0
150.091311777	1821.4017334	1	nan	0	0	0
150.127716088	1587.06274414	1	nan	0	0	0
151.075303354	2815.53466797	3	13.2041309681	1	1	1
151.111688273	2642.09552002	2	29.6447223951	1	0	0
152.106952338	5976.90869141	3	19.7360219863	1	1	1
155.105816784	2671.90087891	1	nan	0	0	0
155.106636951	24070.7226562	3	4.42621826022	1	1	1
156.101898995	6112.35367839	3	19.6461553198	1	1	1
156.1099913	3048.77490234	3	13.4930060329	1	1	1
156.138272308	3268.90270996	2	7.64520852668	1	1	1
157.083525856	3618.06494141	1	nan	0	0	0
157.122290963	8484.11311849	3	15.1908041669	1	1	1
158.116641278	2695.0847168	1	nan	0	0	0
158.117537297	26424.6015625	3	10.7907833505	1	1	1
158.153908003	3494.10864258	2	3.39094076392	1	1	1
159.065168577	11918.9625651	3	16.630613555	1	1	1
159.101555079	4156.72729492	3	29.1973269506	1	0	0
159.116793826	2832.6953125	1	nan	0	0	0
159.120865501	2915.39819336	1	nan	0	0	0
160.133169714	4171.11303711	3	31.9738253317	1	0	0
161.096108279	2566.57080078	1	nan	0	0	0
161.153590223	3865.99454753	3	19.6421382206	1	1	1
162.112465609	7711.0953776	3	12.2262141143	1	1	1
162.148874824	2566.796875	2	9.66411124639	1	1	1
162.991399275	4391.70418294	3	25.6714640511	1	0	0
163.075335457	3401.12483724	3	5.93979781275	1	1	1
163.111728684	5155.60384115	3	13.3993890462	1	1	1
163.132855528	6575.63004557	3	9.27418359915	1	1	1
163.148128046	10267.1004232	3	19.0441770065	1	1	1
165.075708704	2788.6887207	1	nan	0	0	0
165.088561644	3520.71264648	2	3.62308323392	1	1	1
165.09100819	3766.2874349	3	5.11176521536	1	1	1
165.127386236	3088.55664062	3	1.220687957	1	1	1
167.103269235	3693.796875	1	nan	0	0	0
167.104240799	31616.3489583	3	18.4240511376	1	1	1
167.106654564	5625.08626302	3	8.91627760585	1	1	1
167.143043325	3672.5625	3	17.1488729406	1	1	1
168.10761346	2918.42028809	2	8.46440721878	1	1	1
168.13827442	2864.34545898	2	10.3163992851	1	1	1
169.04712982	2518.34667969	1	nan	0	0	0
169.083503789	2815.50154622	3	10.906012764	1	1	1
169.122307923	16636.7845052	3	10.543360006	1	1	1
170.116541793	3250.37109375	1	nan	0	0	0
170.117542475	33727.4283854	3	15.4572785157	1	1	1
170.153961771	4723.65934245	3	14.1473387548	1	1	1
171.099177719	7781.73030599	3	16.8947549641	1	1	1
171.101558266	17327.9947917	3	15.4346112421	1	1	1
171.137940508	7249.8688151	3	12.9454641169	1	1	1
171.174302184	2682.44287109	1	nan	0	0	0
172.131401656	12003.1917318	3	11.4423427907	1	1	1
172.132192103	41234.9466146	3	12.0810744774	1	1	1
172.133057861	608820.552083	3	13.4923093861	1	1	1
173.078412605	4315.79134115	3	13.9225508129	1	1	1
173.117201383	5048.33268229	3	13.8596985377	1	1	1
173.132471096	35997.2714844	3	16.2118465694	1	1	1
173.135528441	3440.66642253	3	12.3453581697	1	1	1
173.136535635	52379.1484375	3	16.5993004797	1	1	1
174.112465267	18853.9322917	3	20.2582304981	1	0	0
174.135873572	4213.93334961	3	24.9816199044	1	0	0
174.137418704	2624.45092773	1	nan	0	0	0
174.139829384	3634.22558594	1	nan	0	0	0
175.111724561	3082.4588623	2	12.3844707382	1	1	1
175.148113597	15065.3330078	3	15.105330957	1	1	1
176.101259492	2635.31933594	1	nan	0	0	0
176.128136846	2392.59082031	1	nan	0	0	0
176.151467822	2677.91210938	1	nan	0	0	0
177.054610709	5668.43302409	3	19.6854224716	1	1	1
177.12741076	2715.83276367	1	nan	0	0	0
179.104287916	2647.84533691	2	1.23278393413	1	1	1
179.106699626	4284.41031901	3	13.4959944701	1	1	1
180.099468103	11576.3951823	3	19.3599697848	1	1	1
181.06478339	8085.97770182	3	6.15148754822	1	1	1
181.083515325	3256.92626953	1	nan	0	0	0
181.119877544	2642.19604492	1	nan	0	0	0
181.122256219	3466.42480469	3	7.88210427094	1	1	1
181.158692671	5690.96126302	3	19.9602558018	1	1	1
182.078748551	3519.77954102	1	nan	0	0	0
182.115129626	4135.28678385	3	8.11239847894	1	1	1
183.080370956	3657.66064453	1	nan	0	0	0
183.135544137	17350.5683594	3	9.2588293003	1	1	1
184.093262486	3337.9699707	1	nan	0	0	0
184.094412187	28850.7936198	3	12.8836546271	1	1	1
184.60906133	4099.0719401	3	33.2276878814	1	0	0
185.114826866	4286.86661784	3	19.6714301122	1	1	1
185.153545779	2590.02124023	1	nan	0	0	0
186.14764149	4064.65979004	2	2.57833778454	1	1	1
186.148847242	43312.9674479	3	11.6619711547	1	1	1
187.132881814	4544.69238281	3	7.2367660528	1	1	1
187.148189162	2343.03613281	1	nan	0	0	0
187.152214451	7659.22623698	3	2.78652055669	1	1	1
187.169199689	3572.27807617	1	nan	0	0	0
188.126056856	12895.2369792	3	10.3253577034	1	1	1
188.12701401	42599.5266927	3	19.373627244	1	1	1
188.127960175	481402.489583	3	15.5132340584	1	1	1
188.164502966	4177.1241862	3	21.5711420909	1	0	0
188.988121772	2975.80236816	2	5.33397780019	1	1	1
189.043523642	2794.5925293	1	nan	0	0	0
189.088612833	2690.5945638	3	2.87876747334	1	1	1
189.090977624	3758.1077474	3	25.661243653	1	0	0
189.112148549	17498.4160156	3	15.1552976198	1	1	1
189.123433539	2712.75585938	1	nan	0	0	0
189.125126718	3236.00561523	1	nan	0	0	0
189.127406525	4857.98364258	3	31.9115239741	1	0	0
189.130218024	5026.14428711	3	23.5536517637	1	0	0
189.131454679	51777.9075521	3	15.2368252389	1	1	1
189.148500214	3613.15905762	2	32.8643580143	1	0	0
189.158484922	4203.24841309	2	7.20594838482	1	1	1
189.159745698	38749.0533854	3	17.5612916353	1	1	1
189.163781974	5375.3601888	3	12.4438523329	1	1	1
189.18492545	3052.84692383	1	nan	0	0	0
190.107354266	3437.05810547	2	7.47538568523	1	1	1
190.132339966	4316.69506836	2	4.79771630665	1	1	1
190.134841381	2949.22192383	1	nan	0	0	0
190.143745076	5191.23453776	3	14.7049935558	1	1	1
190.16304932	3895.24503581	3	30.1657957042	1	0	0
191.022685515	3241.62060547	3	25.7821136093	1	0	0
191.104246329	12402.703125	3	6.24091247108	1	1	1
191.106652505	11869.0859375	3	4.7696405315	1	1	1
191.115469343	3060.05086263	3	19.233030158	1	1	1
191.139036321	7590.61149089	3	12.2990317335	1	1	1
191.141728892	3055.23303223	2	1.39828369046	1	1	1
191.14305383	30859.0065104	3	17.6841028407	1	1	1
191.164169032	14121.2135417	3	12.1290264561	1	1	1
191.179389471	6005.87613932	3	13.6549636124	1	1	1
191.200543793	3908.11523438	1	nan	0	0	0
192.09951143	2896.46166992	1	nan	0	0	0
192.123042533	4522.31453451	3	39.0910227545	1	0	0
192.146390344	4139.00097656	2	9.10628390333	1	1	1
192.150892327	2893.14379883	1	nan	0	0	0
192.195835431	5134.69710286	3	25.7274936622	1	0	0
192.606434541	3932.6328125	1	nan	0	0	0
192.992351735	3754.17032878	3	18.1775753821	1	1	1
193.001912435	3245.19034831	3	9.09305493774	1	1	1
193.017186949	7055.47835286	3	1.48988471787	1	1	1
193.038315924	3046.33585612	3	14.078022548	1	1	1
193.083557586	4170.02050781	3	18.2665070731	1	1	1
193.085893372	3734.93518066	2	0.880088300039	1	1	1
193.106036087	2384.94189453	1	nan	0	0	0
193.10734205	23129.7604167	3	14.0113706301	1	1	1
193.119933922	6285.89534505	3	7.32818686221	1	1	1
193.122283431	13698.515625	3	10.3846333088	1	1	1
193.143417401	6107.5999349	3	28.9341252282	1	0	0
193.157430789	7869.72827148	2	1.53380516663	1	1	1
193.158658484	64724.6106771	3	24.4271959646	1	0	0
194.112887895	9229.23730469	3	11.7968116686	1	1	1
194.113930346	31750.7298177	3	10.8456598524	1	1	1
194.115013801	358356.447917	3	15.7694513309	1	1	1
194.117628008	2857.38500977	1	nan	0	0	0
194.154012707	2847.54370117	1	nan	0	0	0
194.162055933	9116.96679688	3	21.1143664076	1	0	0
194.963182032	4905.23177083	3	16.060304407	1	1	1
194.999860121	2525.3347168	1	nan	0	0	0
195.017592231	12072.8564453	3	18.6607890316	1	1	1
195.062784042	3303.29980469	1	nan	0	0	0
195.065228231	2839.96142578	3	4.33766004402	1	1	1
195.099151584	10559.1894531	3	17.2594762341	1	1	1
195.101563448	7317.85432943	3	9.04695382419	1	1	1
195.11727711	3469.74926758	2	22.5612300736	1	0	0
195.118488442	32763.2864583	3	15.5870878373	1	1	1
195.122694656	10835.1813151	3	17.3820988256	1	1	1
195.135548088	3398.51538086	1	nan	0	0	0
195.137968773	9595.75195312	3	7.43038829966	1	1	1
195.174334388	14720.6946615	3	4.9245887984	1	1	1
196.073443731	2806.76367188	1	nan	0	0	0
196.092025539	2978.22908529	3	3.31277103406	1	1	1
196.093120615	8684.57535807	3	13.203507792	1	1	1
196.094365198	95624.4947917	3	19.4781347483	1	1	1
196.119486792	2345.84204102	1	nan	0	0	0
196.133191572	14449.7470703	3	5.90463477639	1	1	1
196.169592353	4371.87654622	3	25.0807469732	1	0	0
196.954435156	9410.58968099	3	15.6711259871	1	1	1
196.99627135	3344.60595703	1	nan	0	0	0
197.042083999	2990.52172852	1	nan	0	0	0
197.078445889	8283.65771484	3	15.1594149244	1	1	1
197.084909626	2906.44885254	2	8.05604740838	1	1	1
197.089640527	2633.70361328	1	nan	0	0	0
197.097774795	7595.29182943	3	11.245869046	1	1	1
197.114799151	6630.34798177	3	11.9716164726	1	1	1
197.117209459	5842.6969401	3	9.21572136597	1	1	1
197.151205129	19715.0097656	3	4.60980928651	1	1	1
197.153595171	12983.7067057	3	8.0662186217	1	1	1
197.190007361	7210.83203125	3	11.3084303289	1	1	1
198.018621682	3569.68554688	2	17.7181277456	1	1	1
198.097175452	3481.09289551	2	8.0097203388	1	1	1
198.110051655	16433.0332031	3	15.9789824674	1	1	1
198.112490493	3411.85437012	2	15.5825075794	1	1	1
198.11444316	2766.19458008	1	nan	0	0	0
198.147535534	4987.95377604	3	5.90902003165	1	1	1
198.148832069	49498.3645833	3	7.7372337653	1	1	1
198.15451869	2880.18432617	1	nan	0	0	0
198.185244126	20470.0322266	3	17.9168407959	1	1	1
198.98496653	3608.40340169	3	10.7630338681	1	1	1
199.057650684	6077.92561849	3	27.4944111147	1	0	0
199.072983256	2440.73706055	2	3.59301484537	1	1	1
199.094080856	9649.06542969	3	12.6930573307	1	1	1
199.096488162	5048.87752279	3	21.5636921008	1	0	0
199.104123248	4325.95597331	3	8.21776628373	1	1	1
199.109518501	2408.71899414	1	nan	0	0	0
199.13044897	9470.69335938	3	13.8277079699	1	1	1
199.132866495	17825.391276	3	4.68843848342	1	1	1
199.152217694	5397.92464193	3	9.42491854828	1	1	1
199.166855174	3959.07088216	3	6.81783302014	1	1	1
199.167914233	12611.0729167	3	8.46824166487	1	1	1
199.1691851	142431.96875	3	3.71340832006	1	1	1
199.188619283	2713.10168457	2	5.85907890805	1	1	1
199.205673563	8758.57128906	3	1.02260746279	1	1	1
199.614264556	3537.29016113	2	30.9659593945	1	0	0
200.068374588	5499.22631836	2	25.2319362574	1	0	0
200.126737623	3082.29516602	3	8.21083796074	1	1	1
200.128110211	33707.7903646	3	11.7307073319	1	1	1
200.162038627	4271.55118815	3	16.4675930925	1	1	1
200.163164886	15157.6601562	3	12.8518702704	1	1	1
200.164423567	172194.953125	3	7.54514527873	1	1	1
200.172588469	15725.7526042	3	4.60389531644	1	1	1
200.200873751	22816.9342448	3	10.8027964469	1	1	1
200.237287112	8267.16796875	1	nan	0	0	0
200.622196627	2648.29748535	2	11.1499856671	1	1	1
201.043412725	3537.73323568	3	20.9030737158	1	0	0
201.052231938	3730.2828776	3	6.82981550693	1	1	1
201.073380452	2864.74414062	2	15.706794414	1	1	1
201.088566426	5215.49853516	3	8.41630984276	1	1	1
201.109747566	5435.3125	2	2.91019555281	1	1	1
201.112140263	13453.5634766	3	16.7754130397	1	1	1
201.131503916	2970.99544271	3	13.5072581961	1	1	1
201.148533555	8481.50211589	3	15.8533295685	1	1	1
201.159784934	3181.12084961	1	nan	0	0	0
201.163775209	6515.82747396	3	10.9245592796	1	1	1
201.167873474	17247.5703125	3	4.64912266706	1	1	1
201.184894511	18497.1321615	3	5.49383334085	1	1	1
201.204198285	3269.33040365	3	11.2685079815	1	1	1
202.107393536	5040.61474609	3	22.3150926178	1	0	0
202.115471896	2621.9934082	1	nan	0	0	0
202.142394413	5756.79500326	3	23.3576468047	1	0	0
202.1437384	67485.9192708	3	15.5348323815	1	1	1
202.180191818	4743.8125	3	6.80779442042	1	1	1
202.188277158	2779.72192383	1	nan	0	0	0
202.216500363	3374.9527181	3	8.06432060459	1	1	1
203.003754482	3631.03930664	1	nan	0	0	0
203.022679629	4043.99780273	3	10.3903663218	1	1	1
203.052598668	6216.20638021	3	41.969123971	1	0	0
203.059143047	2816.14282227	2	4.02135393905	1	1	1
203.067829643	5131.2273763	3	5.70954394632	1	1	1
203.080864979	2750.29150391	1	nan	0	0	0
203.091391116	5142.84423828	1	nan	0	0	0
203.106669698	7301.89746094	3	15.4321584804	1	1	1
203.127787709	4342.56502279	3	9.6099837095	1	1	1
203.139023773	9382.71679688	3	17.1796371379	1	1	1
203.143031944	4013.8293457	3	15.9456089301	1	1	1
203.14711727	7023.27832031	3	21.3037018896	1	0	0
203.175417719	3340.48779297	1	nan	0	0	0
203.179411996	5985.31575521	3	12.1853569948	1	1	1
204.123026182	13230.8779297	3	25.8779833851	1	0	0
204.132628849	2991.95825195	2	10.6419462131	1	1	1
204.159389044	4519.79321289	3	11.998305927	1	1	1
205.038347717	3057.83276367	2	3.01903818183	1	1	1
205.070605998	3160.90332031	1	nan	0	0	0
205.078414584	4015.13696289	2	23.4238159173	1	0	0
205.083502016	3355.06461589	3	9.15335394195	1	1	1
205.085919451	10757.555013	3	5.79860471878	1	1	1
205.118196708	2343.75463867	1	nan	0	0	0
205.119925649	2526.71142578	1	nan	0	0	0
205.122257966	10279.2495117	3	26.5816373509	1	0	0
205.143465026	7737.80664062	3	18.5969582834	1	1	1
205.158681621	9534.78613281	3	3.58914277342	1	1	1
205.195040066	9429.67252604	3	12.2720795022	1	1	1
206.014700945	2480.16943359	2	6.90264396078	1	1	1
206.102337436	3884.9921875	1	nan	0	0	0
206.115100178	7226.61279297	3	25.764180984	1	0	0
206.138668827	3781.96720378	3	18.6007960196	1	1	1
206.996428609	3021.29528809	2	4.19224279994	1	1	1
207.017616038	2558.81774902	2	3.57929064893	1	1	1
207.031997776	2577.22045898	1	nan	0	0	0
207.032940456	5570.42578125	3	14.0285877077	1	1	1
207.099184289	4517.60270182	3	12.3731965455	1	1	1
207.101567613	14612.4889323	3	10.726357128	1	1	1
207.135501075	6058.29231771	3	6.71757957494	1	1	1
207.137961636	14978.1783854	3	13.5253529268	1	1	1
207.159057304	9599.22542318	3	16.9255700468	1	1	1
207.174345957	19116.4153646	3	5.56391678448	1	1	1
208.094405178	10398.0686849	3	11.6061022965	1	1	1
208.13079355	17983.9078776	3	8.22810809463	1	1	1
208.133179759	3738.09480794	3	12.7314576426	1	1	1
208.166912146	2686.78320312	1	nan	0	0	0
208.168124393	5212.02555339	3	18.3118414306	1	1	1
208.169558128	63632.75	3	18.3442757097	1	1	1
208.177601915	3005.13549805	1	nan	0	0	0
208.978911114	3903.45865885	3	13.4784954416	1	1	1
209.078433459	4836.27058919	3	18.6223766927	1	1	1
209.114828759	8198.46191406	3	17.3118098284	1	1	1
209.117249954	13239.038737	3	17.1690270922	1	1	1
209.12600818	2322.21508789	1	nan	0	0	0
209.13428563	2307.60693359	1	nan	0	0	0
209.140918793	2591.78295898	1	nan	0	0	0
209.151154024	3202.45336914	3	7.90034259644	1	1	1
209.152120712	5458.88590495	3	17.4651011807	1	1	1
209.153584836	62354.4127604	3	16.1155046192	1	1	1
209.172928336	8078.24088542	3	19.1125826918	1	1	1
209.177386612	17682.1067708	3	24.5199108966	1	0	0
209.189989493	21436.7923177	3	10.391252644	1	1	1
210.080103566	4128.42553711	3	18.7271999779	1	1	1
210.089090193	5169.42333984	1	nan	0	0	0
210.097542621	2609.37451172	1	nan	0	0	0
210.10748131	8437.02360026	3	6.75230045981	1	1	1
210.108612367	28940.8964844	1	nan	0	0	0
210.109921964	433910.739583	3	17.1298612294	1	1	1
210.112503037	5497.1961263	3	2.58091871702	1	1	1
210.148862063	20587.0898438	3	8.56732520201	1	1	1
210.156936188	7705.78971354	3	23.4026652275	1	0	0
210.183762789	2836.01123047	1	nan	0	0	0
210.185239302	30755.0891927	3	16.8870684281	1	1	1
210.970086942	9712.24251302	3	4.85338178905	1	1	1
211.057694029	5523.25976562	2	54.8318032865	1	0	0
211.072967086	3282.88037109	1	nan	0	0	0
211.075382386	2985.50756836	1	nan	0	0	0
211.094091956	19311.3697917	3	8.23385509201	1	1	1
211.096494786	12646.7141927	3	20.6791042542	1	0	0
211.113404904	35141.0605469	3	12.9821229842	1	1	1
211.130407573	5627.11873372	3	22.2388287571	1	0	0
211.132878694	6393.58072917	3	15.7332483921	1	1	1
211.152228246	2974.43652344	2	7.6023787331	1	1	1
211.156648976	2965.9630127	2	6.05543386557	1	1	1
211.167712814	4861.12972005	3	33.0329589489	1	0	0
211.169230165	63522.1914062	3	23.3156769317	1	0	0
211.188570761	4211.20768229	3	19.6545907765	1	1	1
211.205655337	4036.1953125	3	1.8468412537	1	1	1
212.059391515	5096.0296224	3	14.5940716417	1	1	1
212.068358336	3341.03295898	2	6.87005379883	1	1	1
212.086204588	6640.85481771	3	3.56844894059	1	1	1
212.089352483	3742.00415039	1	nan	0	0	0
212.123002972	2673.26147461	2	3.92690050549	1	1	1
212.124190242	6270.19726562	3	32.4280111574	1	0	0
212.125687835	84680.3450521	3	19.3592066149	1	1	1
212.128106106	8285.92415365	3	6.96372662474	1	1	1
212.162937774	2439.30358887	2	5.36434504217	1	1	1
212.164492916	31562.5266927	3	2.47225806721	1	1	1
212.172590535	6499.98453776	3	19.0497500893	1	1	1
212.200898541	4999.98730469	2	11.7786529536	1	1	1
212.237233937	6747.73811849	3	10.2122942381	1	1	1
212.640347987	3364.34667969	2	16.5987415136	1	1	1
213.000626108	2540.02807617	1	nan	0	0	0
213.065637488	3901.15576172	3	21.9292800471	1	0	0
213.067210729	47070.5429688	3	19.444658736	1	1	1
213.073328392	4971.37927246	2	48.0449700126	1	0	0
213.088580526	3365.26155599	3	6.32204892433	1	1	1
213.109736403	5037.43367513	3	15.9440589542	1	1	1
213.120937683	7946.69278971	3	36.966822199	1	0	0
213.129065757	7074.58300781	3	6.83755580081	1	1	1
213.14452246	2975.11767578	1	nan	0	0	0
213.146101456	31085.4876302	3	10.8535334949	1	1	1
213.148546264	3730.11482747	3	8.91871162459	1	1	1
213.163770487	2639.93798828	1	nan	0	0	0
213.167904109	3447.51147461	2	4.68104009863	1	1	1
213.184927117	6858.34570312	3	12.3116300487	1	1	1
213.221314399	4770.70874023	3	28.9351542777	1	0	0
213.568907351	9531.15087891	3	23.081437185	1	0	0
214.083714174	2797.0769043	1	nan	0	0	0
214.089624651	21351.0957031	3	4.40729398288	1	1	1
214.101824038	14450.0120443	3	9.74649120277	1	1	1
214.104955539	4638.30452474	3	10.8729634506	1	1	1
214.107396331	3342.0625	1	nan	0	0	0
214.143787222	16549.1533203	3	18.3122722576	1	1	1
214.149516505	2784.16345215	2	7.10904268251	1	1	1
214.178614304	4370.35359701	3	23.0123839578	1	0	0
214.180140985	58861.2473958	3	6.77500409111	1	1	1
214.216501808	5442.80533854	3	16.0356262382	1	1	1
214.251365956	3560.26074219	1	nan	0	0	0
214.252916333	25324.069987	3	52.7928338216	1	0	0
215.052571186	3346.89404297	1	nan	0	0	0
215.089000267	3620.24194336	3	20.8129983341	1	0	0
215.104251722	8011.8264974	3	11.7781568757	1	1	1
215.125398998	6167.86702474	3	27.2897077207	1	0	0
215.127742754	3578.28393555	1	nan	0	0	0
215.164189945	10633.405599	3	15.0838541187	1	1	1
215.179542306	3474.80419922	2	25.3052843158	1	0	0
215.183536728	7143.28190104	3	10.4398406067	1	1	1
215.256245333	4765.9005127	2	31.1438219363	1	0	0
215.600293446	3197.73120117	1	nan	0	0	0
216.123056993	3604.20621745	3	9.39107820858	1	1	1
216.159414106	19163.3294271	3	9.93174544128	1	1	1
216.195810786	4247.76733398	2	23.5571536173	1	0	0
217.047225223	2720.90283203	1	nan	0	0	0
217.083504348	3081.55094401	3	9.65278408451	1	1	1
217.104657317	26745.1438802	3	10.8798912509	1	1	1
217.107051872	16236.6748047	3	5.34464851351	1	1	1
217.156318675	2988.25244141	2	16.9920510672	1	1	1
217.158711989	7719.07796224	3	16.9940366904	1	1	1
217.195094387	9854.66341146	3	6.89011982129	1	1	1
218.107906349	2912.68994141	1	nan	0	0	0
218.138724232	5695.64990234	3	20.3536982638	1	0	0
218.211439415	5610.07145182	3	19.8168717979	1	1	1
219.101598002	3668.74698893	3	12.0323754265	1	1	1
219.13792403	3536.7882487	3	10.985174632	1	1	1
219.172684431	3115.95255534	3	2.79376309373	1	1	1
219.174349126	37135.3984375	3	7.03062176573	1	1	1
219.210747183	3748.8375651	3	17.6377753895	1	1	1
220.130811806	17654.8922526	3	23.0153457908	1	0	0
220.177719519	5748.23372396	3	3.9321582805	1	1	1
220.182214247	4881.89876302	3	3.31441826693	1	1	1
220.934550276	3042.13623047	1	nan	0	0	0
221.012162895	6983.03173828	3	8.10914532041	1	1	1
221.134081111	2897.57958984	1	nan	0	0	0
221.151177399	3220.6171875	3	10.2442958033	1	1	1
221.153603606	5514.30957031	3	4.33855422389	1	1	1
222.072470129	12559.2666016	3	22.6846726466	1	0	0
222.110053333	10928.2373047	3	10.4857971585	1	1	1
222.146468061	10889.858724	3	22.1155728803	1	0	0
222.182779492	3740.25423177	3	10.5692927096	1	1	1
222.57410168	4195.99291992	2	21.4229977948	1	0	0
223.063659707	5098.6101888	3	10.1407518987	1	1	1
223.094112857	3387.18611654	3	7.84590431189	1	1	1
223.130463227	3259.19421387	2	9.46906173899	1	1	1
224.089298943	2964.90470378	3	7.29235650272	1	1	1
224.124049961	3136.78613281	2	10.929217274	1	1	1
224.12571214	39469.359375	3	7.57458725843	1	1	1
226.074871477	7247.60530599	3	21.5765584297	1	0	0
226.139503601	9897.86458333	3	19.9667712241	1	1	1
226.141169565	101761.703125	3	15.8837428752	1	1	1
226.179984589	6802.89778646	3	21.7253067044	1	0	0
226.216331437	16537.3821615	3	10.3950602152	1	1	1
227.144506941	12271.5221354	3	16.2326067545	1	1	1
228.193891703	6956.52978516	3	33.2661711905	1	0	0
228.195608288	73634.59375	3	23.5123462322	1	0	0
228.230273191	9431.72298177	3	16.117259087	1	1	1
228.231988603	113809.898438	3	11.176800571	1	1	1
228.268352053	4784.29003906	1	nan	0	0	0
229.080022373	4923.38037109	1	nan	0	0	0
229.198924715	9573.04231771	3	12.0018021043	1	1	1
229.235351663	15212.7565104	3	12.7735711747	1	1	1
230.247680639	10687.7436523	3	29.7518903195	1	0	0
232.112213743	5847.07177734	1	nan	0	0	0
233.11692562	4827.95410156	1	nan	0	0	0
233.226160987	7854.09228516	3	18.2628512596	1	1	1
235.169000693	5858.13085938	3	13.0106541982	1	1	1
235.201474664	6886.13574219	2	1.07747351839	1	1	1
235.205442469	5480.84106445	2	2.53848132644	1	1	1
236.112630416	16518.1959635	3	13.7269024694	1	1	1
236.125504888	5232.15690104	3	13.1469674406	1	1	1
237.145757452	4967.48730469	1	nan	0	0	0
237.184554167	4981.69726562	1	nan	0	0	0
238.104795538	10233.7929688	3	25.0243226611	1	0	0
238.141133731	10911.3723958	3	26.7310982935	1	0	0
239.088699303	5396.00341797	1	nan	0	0	0
239.161547048	7881.35888672	3	17.5810813821	1	1	1
240.107766953	4807.04296875	1	nan	0	0	0
240.120358226	7434.45296224	3	12.9298288269	1	1	1
240.154901313	7749.12695312	3	19.989270724	1	1	1
240.156746672	72200.9348958	3	9.69794598328	1	1	1
240.195723412	4328.22070312	1	nan	0	0	0
240.231933765	5821.66389974	3	6.46185634749	1	1	1
241.066104444	5217.28304036	3	5.05283017809	1	1	1
241.068008363	59875.5273438	3	12.8148125634	1	1	1
241.160102165	8624.10644531	3	13.84204262	1	1	1
241.215809309	4497.56103516	2	1.22958352536	1	1	1
242.069439956	4223.93310547	1	nan	0	0	0
242.069976394	4391.12207031	1	nan	0	0	0
242.071404283	5227.6706543	2	17.1269507086	1	1	1
242.138438604	5497.75764974	3	20.4364594017	1	0	0
242.211202195	15617.3671875	3	7.6277394327	1	1	1
242.245691615	5837.21533203	2	0.466012420139	1	1	1
242.247592139	64582.9765625	3	4.62066464565	1	1	1
243.122459026	16794.882487	3	3.02982758668	1	1	1
243.210455111	22343.031901	3	21.2329242889	1	0	0
243.231622759	5426.16845703	3	15.5554495531	1	1	1
243.250967454	9152.07128906	3	10.7583217939	1	1	1
244.154047353	5147.8836263	3	17.7648282727	1	1	1
244.18723663	5312.48779297	1	nan	0	0	0
244.188460712	15819.7919922	3	20.8781876632	1	0	0
244.190462261	191839.052083	3	17.977811964	1	1	1
244.213827439	5789.83300781	2	15.9168929776	1	1	1
244.263268746	8837.09863281	3	9.13918026373	1	1	1
245.078203346	6303.19677734	2	4.27945052373	1	1	1
245.193809392	24464.1025391	3	29.2218145486	1	0	0
245.224177785	5786.82666016	3	11.872101348	1	1	1
245.226125436	69300.3789062	3	5.10895397654	1	1	1
245.258544387	9182.61132812	3	13.7225789459	1	1	1
246.229482008	15204.4322917	3	17.1466152209	1	1	1
246.242520508	5088.59570312	1	nan	0	0	0
247.205290798	6805.99975586	2	20.9816490972	1	0	0
247.238469314	5245.90893555	2	5.95642260852	1	1	1
247.239705839	22513.0826823	3	13.603922851	1	1	1
247.241739054	270185.588542	3	9.62286538894	1	1	1
248.198179643	7111.3137207	2	11.9436145521	1	1	1
248.243100691	7270.2648112	3	10.9964747546	1	1	1
248.245092129	74987.4856771	3	12.0598353637	1	1	1
249.169659616	4520.55761719	1	nan	0	0	0
249.18467425	7578.54101562	3	5.88071673552	1	1	1
249.24856125	6470.23388672	3	18.6105489083	1	1	1
250.141067403	5796.9749349	3	17.1144608567	1	1	1
250.177450756	16989.3802083	3	42.5358756583	1	0	0
250.21170641	4429.04711914	2	5.15450949506	1	1	1
250.213851795	52570.3789062	3	13.4354644459	1	1	1
251.217154592	7297.08398438	3	23.1004165729	1	0	0
252.120393423	5393.53662109	1	nan	0	0	0
252.156821485	4730.9309082	2	1.87742289629	1	1	1
252.231914042	23317.3925781	3	2.85882272972	1	1	1
253.21596202	4443.19873047	1	nan	0	0	0
253.235249481	4255.50634766	1	nan	0	0	0
254.136034387	15528.648763	3	10.0235748719	1	1	1
254.172391294	19091.4007161	3	20.8560948949	1	0	0
254.176540431	4987.96142578	1	nan	0	0	0
254.245441882	12926.733724	3	14.6822453489	1	1	1
254.247570443	137649.526042	3	9.96876843525	1	1	1
255.250945629	21616.3391927	3	9.63674743895	1	1	1
256.085358852	31691.7955729	3	18.6687957641	1	1	1
256.226790545	5919.5061849	3	14.5056376197	1	1	1
256.259582092	11913.4257812	2	6.44268037931	1	1	1
256.261074041	58325.2473958	3	8.65958448109	1	1	1
256.263147447	668327.791667	3	7.51547310042	1	1	1
257.088742489	4691.87158203	1	nan	0	0	0
257.247335287	5071.75634766	2	13.6689118863	1	1	1
257.264430681	9147.46468099	3	17.3095931005	1	1	1
257.266574684	101807.4375	3	9.11017951738	1	1	1
258.206005117	6115.28955078	2	14.2745198802	1	1	1
258.269958925	7865.98404948	3	6.91695001524	1	1	1
258.278790503	6057.65804036	3	7.36502433496	1	1	1
259.205323028	8648.16015625	3	8.17146446354	1	1	1
260.149007136	17562.7324219	3	11.4510009307	1	1	1
261.130639789	12351.5172526	3	11.4327861298	1	1	1
261.218817921	7085.96272786	3	1.81334639606	1	1	1
261.221019292	66297.0169271	3	11.8924830502	1	1	1
262.224372702	15376.8870443	3	8.67227412516	1	1	1
263.200300575	4248.03662109	1	nan	0	0	0
263.232873474	5020.15576172	1	nan	0	0	0
263.234436226	17163.9485677	3	16.2898393302	1	1	1
263.236656227	163047.59375	3	9.17429573536	1	1	1
264.12041395	5168.72167969	1	nan	0	0	0
264.193147084	6221.80957031	3	13.8660645304	1	1	1
264.195517342	6810.82845052	3	18.0021925292	1	1	1
264.22950192	23047.2171224	3	21.8759182166	1	0	0
264.237828204	4484.89501953	1	nan	0	0	0
264.240029037	39266.7278646	3	20.4019826136	1	0	0
265.102140355	7390.69726562	3	10.9893333263	1	1	1
265.104356373	84361.1744792	3	8.74125146057	1	1	1
265.215797346	4885.92163086	2	5.76629331273	1	1	1
265.232889568	4443.37451172	1	nan	0	0	0
265.243602813	5313.87841797	1	nan	0	0	0
265.247672226	8187.63964844	1	nan	0	0	0
265.248402065	10487.9804688	3	12.2321163008	1	1	1
265.250037146	56643.7786458	3	12.1848831055	1	1	1
265.252229921	643082.666667	3	9.79530459808	1	1	1
265.254208319	17214.6191406	1	nan	0	0	0
266.107642522	8554.21695964	3	7.04043181915	1	1	1
266.135962897	5296.76220703	2	6.79749909866	1	1	1
266.172388002	22602.8776042	3	24.1966939813	1	0	0
266.211095688	8338.98372396	3	15.0064604292	1	1	1
266.24757229	7492.63541667	3	17.3754798264	1	1	1
266.253382931	11946.030599	3	14.9851887635	1	1	1
266.255639851	142362.023438	3	8.23703510864	1	1	1
267.122442168	9337.71988932	3	27.713866011	1	0	0
267.175608069	4410.10351562	1	nan	0	0	0
267.259022134	11825.546224	3	13.2654550399	1	1	1
268.15167665	11077.5094401	3	15.9962261606	1	1	1
268.188019765	10277.860026	3	13.4191278157	1	1	1
268.224695135	4340.46337891	1	nan	0	0	0
268.226814755	46100.4934896	3	13.3002667092	1	1	1
268.260859656	4468.95092773	2	5.18586276415	1	1	1
268.263190841	52712.5234375	3	11.0643996203	1	1	1
269.230226515	6520.50439453	3	4.79789560575	1	1	1
269.266575747	8492.41780599	3	14.4788610565	1	1	1
270.100983331	6558.4132487	3	6.47556362757	1	1	1
270.242478753	22224.2161458	3	5.50146963068	1	1	1
270.276500887	10982.8030599	3	17.3367805245	1	1	1
270.278843506	124000.492188	3	9.32588112211	1	1	1
271.282199599	21397.5016276	3	17.5036856023	1	1	1
272.080292855	10699.0820312	2	22.3116578708	1	0	0
272.258043028	4551.43603516	2	8.23474862683	1	1	1
274.216257857	5200.14916992	2	6.12178671445	1	1	1
274.273769809	26073.6699219	3	12.6971116504	1	1	1
275.125025098	4846.21118164	2	3.98765627203	1	1	1
275.200238157	20477.485026	3	4.65067452521	1	1	1
275.277046353	6921.25634766	1	nan	0	0	0
276.203605189	4729.79174805	2	6.33887684277	1	1	1
276.22709049	5472.19628906	1	nan	0	0	0
276.229466586	46715.1458333	3	18.5867848031	1	1	1
276.231767676	13012.7416992	2	3.57978836473	1	1	1
277.183240106	9282.23901367	2	27.8099495448	1	0	0
277.215867538	16959.3424479	3	9.3296564196	1	1	1
277.232869664	8160.2023112	3	32.6630295623	1	0	0
278.208814724	8502.61295573	3	11.5035569496	1	1	1
278.242665874	13361.9238281	3	22.4196020037	1	0	0
278.245146671	131314.789062	3	19.8894972469	1	1	1
278.247422646	41159.4960938	3	9.15153105467	1	1	1
279.229075184	7800.55598958	3	10.6618024468	1	1	1
279.231549247	82920.1041667	3	8.09999393218	1	1	1
279.248499747	19297.4339193	3	12.363357195	1	1	1
279.250721426	5423.30517578	2	0.664026933097	1	1	1
280.234912562	14020.3173828	3	18.1746872647	1	1	1
280.260693613	10999.444987	3	17.0085051277	1	1	1
280.26317536	120864.945312	3	16.5738186616	1	1	1
281.208485942	4582.25585938	1	nan	0	0	0
281.26651474	11472.9208984	3	10.7624531595	1	1	1
282.203610772	7641.96923828	3	36.7425709952	1	0	0
282.27442788	9844.23421224	3	25.9801423532	1	0	0
282.27632703	44520.5260417	3	20.3585210218	1	0	0
282.27876455	543894.1875	3	18.6689916065	1	1	1
282.281064187	16452.8183594	1	nan	0	0	0
283.282187297	31636.7076823	3	27.5870019488	1	0	0
284.291867938	9520.65592448	3	8.23592492077	1	1	1
284.294474806	117821.145833	3	7.97249929107	1	1	1
285.297848343	16721.8229167	3	14.9127990496	1	1	1
292.224642576	46970.0559896	3	8.67381887767	1	1	1
292.226691965	60384.6770833	3	13.8838413109	1	1	1
292.260764982	49410.1276042	3	14.5628893282	1	1	1
293.210814784	5431.80078125	2	2.54918769026	1	1	1
293.227746775	11205.3666992	2	17.4117748667	1	1	1
293.230164296	9775.90755208	3	11.5466620293	1	1	1
293.26403369	9358.77148438	3	13.2870488186	1	1	1
294.167308549	6902.17578125	1	nan	0	0	0
294.203651165	4357.25195312	1	nan	0	0	0
294.242421525	93693.9739583	3	15.3217235825	1	1	1
295.194162555	15212.6936849	3	10.0820701736	1	1	1
296.219429687	7996.41894531	3	24.8919532816	1	0	0
296.253716065	14309.140625	3	24.8346443193	1	0	0
296.25522917	32203.4557292	3	17.1322821732	1	1	1
296.258062125	502572.010417	3	14.4083648822	1	1	1
296.294570142	8817.95491536	3	12.9885658594	1	1	1
297.258598695	8207.44433594	2	12.316598058	1	1	1
297.261516756	96151.5390625	3	10.1294183314	1	1	1
298.264956864	8980.45052083	3	18.9016312682	1	1	1
298.269161073	8614.03320312	1	nan	0	0	0
298.270961893	15267.4121094	3	19.8198511113	1	1	1
298.273777773	201943.989583	3	15.1599331938	1	1	1
299.277205358	38751.1972656	3	23.6133049368	1	0	0
299.305419915	67708.4101562	3	14.2786438319	1	1	1
300.308861902	12925.7578125	3	14.8748678834	1	1	1
301.140804238	22953.8476562	3	11.8284791543	1	1	1
302.24520249	55992.3190104	3	15.1927919798	1	1	1
302.268723178	11914.4459635	3	3.52130668321	1	1	1
302.30512824	8198.1574707	2	13.338062189	1	1	1
303.248601737	10899.1549479	3	13.4123195366	1	1	1
304.22444767	9429.72119141	2	3.07115203451	1	1	1
304.255941124	28884.4713542	3	21.1016839279	1	0	0
304.260628907	1427430.625	3	15.1267534402	1	1	1
304.28427368	36438.1054688	3	6.20875088154	1	1	1
305.156806822	8851.14746094	2	8.24707689846	1	1	1
305.259426556	7507.3671875	2	9.67125521493	1	1	1
305.261246268	16952.3968099	3	7.81155624423	1	1	1
305.264140515	238603.119792	3	14.7291880776	1	1	1
305.287638701	7463.62858073	3	17.6580231465	1	1	1
306.203801868	10931.6761068	3	16.3236223266	1	1	1
306.237395333	7474.72460938	1	nan	0	0	0
306.240060793	111654.416667	3	16.7967741103	1	1	1
306.267550774	20233.4127604	3	20.7262973392	1	0	0
306.276454736	61780.7161458	3	11.1259403656	1	1	1
306.627365435	7044.18701172	1	nan	0	0	0
307.114934412	9777.58317057	3	22.4812136961	1	0	0
307.243423541	26122.2167969	3	18.4761614787	1	1	1
307.279873373	11570.2164714	3	10.0687626635	1	1	1
308.219401993	44940.0625	3	11.6060927824	1	1	1
309.203412443	11272.3961589	3	10.9623339062	1	1	1
309.222793286	8895.30777995	3	34.8382732246	1	0	0
310.237398822	112671.351562	3	10.4118348132	1	1	1
310.310134552	26330.1790365	3	13.0419188215	1	1	1
311.240766251	18745.4667969	3	23.4014751562	1	0	0
312.148203806	8017.83154297	1	nan	0	0	0
312.184244791	8507.19759115	3	18.0164966505	1	1	1
312.253011955	86855.5546875	3	20.1652224175	1	0	0
312.289345928	7906.47558594	1	nan	0	0	0
312.325766096	19689.0602214	3	15.0021344717	1	1	1
313.204680716	6138.45849609	1	nan	0	0	0
313.256412036	17702.4215495	3	18.4564201367	1	1	1
313.284495902	6515.87548828	1	nan	0	0	0
314.2654096	6368.57275391	2	0.0756967215032	1	1	1
314.268687991	89215.0872396	3	20.4111308158	1	0	0
315.272087289	14687.054362	3	12.3191609766	1	1	1
315.300347227	7973.13183594	2	4.68845133809	1	1	1
316.224383544	11333.1809896	3	18.5477695709	1	1	1
316.284342658	43523.2213542	3	10.6794485193	1	1	1
316.320692992	27045.3548177	3	11.2473706596	1	1	1
317.287800412	8419.38769531	2	21.637292461	1	0	0
318.234528298	9097.36783854	3	12.208819166	1	1	1
318.236956885	32563.0807292	3	16.7983824261	1	1	1
318.239971577	497546.364583	3	13.5861111528	1	1	1
318.276257943	8094.59033203	2	20.8104057246	1	0	0
319.243417488	85818.9348958	3	11.2602519398	1	1	1
319.258871545	20068.6946615	3	9.09053282699	1	1	1
320.219399081	10197.8740234	3	17.6757541592	1	1	1
320.22589348	10104.1251628	3	21.1790141309	1	0	0
320.234788228	22160.9791667	3	50.0572703389	1	0	0
320.24697922	7195.50048828	1	nan	0	0	0
320.248098963	10472.003418	2	0.42036842748	1	1	1
320.250138438	12488.4570312	3	9.63287499517	1	1	1
320.252394566	37674.0820312	3	15.5131528888	1	1	1
320.255613753	608438.3125	3	14.7874783982	1	1	1
320.259972436	6121.37792969	1	nan	0	0	0
321.237849349	7471.32373047	1	nan	0	0	0
321.259060028	112398.333333	3	12.0415019832	1	1	1
322.198596387	16067.2578125	3	20.3078555191	1	0	0
322.234969248	13200.1858724	3	12.2624153365	1	1	1
322.262430197	7584.53580729	3	13.2046744998	1	1	1
322.271307757	8466.72460938	1	nan	0	0	0
323.225414983	66039.1575521	3	8.27495460802	1	1	1
324.211101111	8715.90185547	2	1.02115011025	1	1	1
324.21423259	101419.192708	3	16.0534326091	1	1	1
324.228665918	11383.2867839	3	5.45295667241	1	1	1
324.250711555	9453.86995443	3	13.6495982685	1	1	1
324.289342049	6640.46484375	1	nan	0	0	0
325.217564729	17656.264974	3	19.6632999512	1	1	1
326.232203036	16893.2044271	3	8.35788423585	1	1	1
327.007841191	40095.1848958	3	4.37443223565	1	1	1
327.263784421	7191.20556641	1	nan	0	0	0
328.247941437	79071.9244792	3	11.8739193881	1	1	1
329.004867007	35748.1354167	3	13.740670133	1	1	1
329.251353798	13241.1897786	3	4.60756122796	1	1	1
329.279719926	6765.86474609	1	nan	0	0	0
330.203521799	7693.17871094	2	1.52766979169	1	1	1
330.263582179	74784.8658854	3	12.213456829	1	1	1
330.299958173	33513.5221354	3	12.8313545527	1	1	1
331.001964662	11656.2721354	3	6.37280428165	1	1	1
331.267001586	11164.7773438	3	20.8353661362	1	0	0
331.295214165	17675.8046875	3	3.58938172776	1	1	1
331.303307776	7799.39355469	2	0.0514362908074	1	1	1
332.215679638	8837.38378906	1	nan	0	0	0
332.219296495	110451.955729	3	15.5985571756	1	1	1
332.279214585	24583.9602865	3	21.6837582906	1	0	0
332.292122505	11867.8190104	3	12.3132867524	1	1	1
332.315567751	15894.8069661	3	19.0245876998	1	1	1
333.22266039	20948.046224	3	12.088936592	1	1	1
333.282557371	7921.31884766	1	nan	0	0	0
334.204979976	8289.51245117	2	3.01248079636	1	1	1
334.213821638	10847.2692871	2	37.1662902541	1	0	0
334.231416997	10117.4944661	3	14.5840894001	1	1	1
334.23489066	155298.328125	3	11.1622269035	1	1	1
334.250476393	8346.62272135	3	0.828069844332	1	1	1
334.271354254	10265.0359701	3	34.6744383241	1	0	0
334.307753937	8441.48291016	2	22.4305054611	1	0	0
335.23832724	24569.3789062	3	17.2571197075	1	1	1
336.214115488	7890.13671875	2	9.46190977164	1	1	1
336.229756546	11358.8037109	2	24.6866266916	1	0	0
336.244392756	10805.4375	3	5.24957479089	1	1	1
336.247137106	35959.5117188	2	8.49519886461	1	1	1
336.250487019	558728.291667	3	11.620534573	1	1	1
336.32574744	9205.37239583	3	16.153402568	1	1	1
337.253950498	91393.2083333	3	12.7212240293	1	1	1
338.200008667	6681.42041016	1	nan	0	0	0
338.229867222	18696.2600911	3	21.4819795828	1	0	0
338.257226044	9188.99902344	2	11.5524199655	1	1	1
338.266265972	47801.2526042	3	13.2803444566	1	1	1
338.335082152	9164.53076172	2	6.88369024622	1	1	1
338.337665939	20184.2770182	3	20.9265695736	1	0	0
338.341367868	342398.25	3	17.192061691	1	1	1
339.269474056	9028.78417969	2	3.35877821313	1	1	1
339.341238836	6978.51074219	1	nan	0	0	0
339.344771306	69385.7929688	3	23.2852393723	1	0	0
340.209085733	7584.94791667	3	20.315282595	1	0	0
340.215642068	16605.9163411	3	35.4383899069	1	0	0
340.348206911	9762.86425781	2	11.1413196511	1	1	1
340.357051742	66109.9023438	3	23.1900370339	1	0	0
341.19970053	12258.7288411	3	2.73842094382	1	1	1
341.235951239	7152.67382812	1	nan	0	0	0
341.243118737	16302.9641927	3	21.0244201768	1	0	0
341.304837555	6087.11279297	1	nan	0	0	0
341.352291895	8563.43424479	3	7.11839493563	1	1	1
341.360394874	14559.6005859	3	19.5078176254	1	1	1
342.22719923	7160.19482422	2	9.0403768283	1	1	1
343.258825904	9028.578125	1	nan	0	0	0
344.242900104	16072.0371094	3	14.2288882828	1	1	1
345.274413107	7297.51855469	2	6.74885606315	1	1	1
346.198367893	8398.42773438	1	nan	0	0	0
346.258503081	10540.8203125	2	26.7536641405	1	0	0
348.214228065	22148.1341146	3	10.9360758084	1	1	1
348.989723926	10476.8411458	3	8.3419025061	1	1	1
349.18292221	9485.26025391	2	8.04593866934	1	1	1
350.225907482	11888.53125	3	20.4775490435	1	0	0
350.229813774	170246.213542	3	11.8440149607	1	1	1
350.266257543	6683.63891602	2	5.22480031458	1	1	1
350.98686143	5913.00244141	1	nan	0	0	0
351.233249262	29781.1686198	3	15.3594621676	1	1	1
352.224610728	12545.847168	2	12.3294697048	1	1	1
352.238795013	13726.3896484	3	9.78532432833	1	1	1
352.245334197	786047.020833	3	16.0207810873	1	1	1
352.28183428	51132.9830729	3	10.5935457151	1	1	1
352.320648829	12619.0947266	3	12.2019739254	1	1	1
353.244737071	7705.58056641	3	11.2344358616	1	1	1
353.248847669	117006.546875	3	8.76649060361	1	1	1
353.285245227	10961.1118164	3	31.5919230471	1	0	0
354.252130007	8320.53190104	3	26.5486753419	1	0	0
354.261221536	17959.1048177	3	21.640235208	1	0	0
354.336433164	9704.22705078	2	11.4730678988	1	1	1
355.069605937	23612.3710938	3	6.27092940592	1	1	1
356.069211825	6549.15551758	2	2.06816010279	1	1	1
360.318970459	8230.28125	1	nan	0	0	0
360.323330207	101620.138021	3	21.3551318467	1	0	0
361.326727733	18982.0813802	3	36.9115989723	1	0	0
362.302628959	18811.8938802	3	49.2859531355	1	0	0
362.338966598	13815.7591146	3	35.5034302797	1	0	0
363.225169541	7353.35839844	1	nan	0	0	0
364.209208753	8875.88012695	2	21.2573632044	1	0	0
364.245552474	9425.97086589	3	11.681284311	1	1	1
365.21265929	4002.16040039	1	nan	0	0	0
365.24099832	4723.05680339	3	7.19011989582	1	1	1
366.204019897	4286.11486816	2	12.0205418951	1	1	1
366.220640138	4116.90519206	3	8.82751558107	1	1	1
366.224967496	63805.2252604	3	10.0584305696	1	1	1
366.231276365	86505.4257812	3	26.0863093096	1	0	0
366.248611324	3338.13183594	1	nan	0	0	0
366.26125087	10196.0569661	3	24.2751714185	1	0	0
366.372731003	3782.4440918	1	nan	0	0	0
367.220167476	3403.97338867	1	nan	0	0	0
367.228192307	13656.1666667	3	15.579070938	1	1	1
367.234767491	16231.406901	3	28.5482206151	1	0	0
368.210710045	4691.48779297	1	nan	0	0	0
368.219650116	27140.4938151	3	45.9411077923	1	0	0
368.236404071	6815.14697266	1	nan	0	0	0
368.240483241	84736.0911458	3	15.6382954192	1	1	1
368.247122448	4604.96948242	2	4.36085760993	1	1	1
368.388259041	4274.72119141	1	nan	0	0	0
369.169579211	6842.24723307	3	41.5714748453	1	0	0
369.222865926	7708.35742188	2	13.9086811975	1	1	1
369.231039214	17210.7220052	3	17.4470888528	1	1	1
369.243924946	17427.5764974	3	17.0864544003	1	1	1
369.310864187	4938.15136719	3	8.18138022589	1	1	1
370.189590768	3294.98339844	1	nan	0	0	0
370.2173483	3834.22167969	1	nan	0	0	0
370.234655659	3517.04992676	2	9.71179632644	1	1	1
370.247727069	4030.27148438	1	nan	0	0	0
370.256186315	6302.8898112	3	27.9716405315	1	0	0
370.743893911	6842.17626953	1	nan	0	0	0
371.101002236	15864.4628906	3	8.58021399599	1	1	1
371.227394371	5324.52124023	2	15.6762049331	1	1	1
371.245298811	3748.45141602	1	nan	0	0	0
372.100684553	4015.80981445	2	11.0289975103	1	1	1
372.248252753	6988.33935547	2	11.0095227688	1	1	1
374.302796033	6280.95035807	3	15.0166970728	1	1	1
375.248667148	12496.6731771	3	18.6339206874	1	1	1
376.232835694	12667.6162109	3	18.3854864009	1	1	1
376.29736135	5236.86865234	1	nan	0	0	0
376.318316256	11386.5351562	3	31.0492918329	1	0	0
378.224859927	4288.00439453	3	6.54836590876	1	1	1
378.26114734	6450.51391602	2	8.48847927837	1	1	1
379.151380845	17281.7490234	3	8.82373800837	1	1	1
379.220044469	14100.6363932	3	15.4014182266	1	1	1
380.154522165	4223.1628418	2	4.95889282478	1	1	1
380.204440836	6635.9851888	3	7.19446791286	1	1	1
380.210570191	21077.1819661	3	22.54695875	1	0	0
380.240495108	10936.6486003	3	19.0091971112	1	1	1
380.246863247	3577.5769043	1	nan	0	0	0
380.276887951	19254.6204427	3	19.6505578601	1	1	1
381.213829563	5648.26708984	2	5.25311491503	1	1	1
381.235790741	21802.3782552	3	7.59474802077	1	1	1
381.243735145	3305.52514648	1	nan	0	0	0
381.280349348	4164.62304688	2	5.0936975182	1	1	1
381.29728352	4916.65511068	3	19.8385639606	1	1	1
382.21990082	20394.7571615	3	15.3810822954	1	1	1
382.226172021	30916.828125	3	18.9596863589	1	1	1
382.239296185	3341.22827148	1	nan	0	0	0
382.25610988	7998.01057943	3	8.16462279218	1	1	1
382.274867945	5417.21044922	3	17.6074162125	1	1	1
383.214993127	5307.60058594	2	11.4527865129	1	1	1
383.223423179	4649.52990723	2	17.3963083098	1	1	1
383.229715961	5137.88956706	3	19.2919869823	1	1	1
383.251349318	10364.9544271	3	23.6419428137	1	0	0
384.214487758	4771.00341797	1	nan	0	0	0
384.235418002	24697.1861979	3	4.23463822418	1	1	1
384.34681761	5051.67919922	1	nan	0	0	0
385.171554988	5177.60424805	2	12.9269233332	1	1	1
385.238809987	4118.95198568	3	5.61856355451	1	1	1
386.184862733	3689.84106445	1	nan	0	0	0
386.250916608	4394.32177734	2	5.19418092262	1	1	1
386.31844297	3825.66601562	1	nan	0	0	0
386.321691607	5998.77319336	2	17.4024148411	1	1	1
386.326163097	95035.3893229	3	23.5266591216	1	0	0
387.172006319	7866.41943359	3	26.3731970226	1	0	0
387.175404717	21497.6064453	2	27.1375914897	1	0	0
387.179699091	323434.041667	3	34.5795131951	1	0	0
387.268244414	4806.68343099	3	14.8810078247	1	1	1
387.329559134	23742.811849	3	30.6660147727	1	0	0
388.178307384	6465.09521484	1	nan	0	0	0
388.183265795	70813.0026042	3	37.6476542635	1	0	0
388.253983023	4451.89257812	2	15.6751715058	1	1	1
388.333044299	3705.39538574	2	1.18385026269	1	1	1
388.341752486	3559.33227539	1	nan	0	0	0
388.354785314	3793.06787109	1	nan	0	0	0
389.186910799	7100.98111979	3	34.2088981282	1	0	0
389.264348877	5677.90234375	2	13.4353696451	1	1	1
389.337093189	16127.6614583	3	10.5358591323	1	1	1
390.340337717	5208.20581055	3	20.0900528434	1	0	0
391.151389365	3873.77620443	3	9.71524420228	1	1	1
391.24351335	5146.82128906	2	3.04398478657	1	1	1
391.284006338	26405.2792969	3	8.65720503211	1	1	1
392.287411467	6767.41227214	3	12.4554347395	1	1	1
392.31305454	12168.3170573	3	10.482076845	1	1	1
393.082714208	3785.77233887	2	0.457733159854	1	1	1
393.209307348	9441.12955729	3	39.1964180303	1	0	0
393.259140981	6854.41145833	3	18.1853458831	1	1	1
394.189950301	6602.0065918	2	14.2693692314	1	1	1
395.214990356	8432.16048177	3	22.5526861248	1	0	0
395.251302029	9425.1702474	3	10.7629124218	1	1	1
395.337745397	5470.90258789	2	13.4522362336	1	1	1
396.199012879	4498.72639974	3	4.19503172454	1	1	1
396.205586778	6990.69059245	3	23.2685523269	1	0	0
396.235307694	6545.59830729	3	7.58078020833	1	1	1
396.271747359	4709.34082031	2	19.2075465047	1	1	1
396.346981894	3314.14599609	1	nan	0	0	0
397.200226192	3867.1315918	2	16.9000359917	1	1	1
397.230579552	29667.4355469	3	9.63559345641	1	1	1
397.266866064	6737.29215495	3	22.4317028462	1	0	0
398.209732175	3652.52709961	1	nan	0	0	0
398.214643513	54855.8138021	3	14.2793976588	1	1	1
398.221123899	28620.5709635	3	22.3808854355	1	0	0
398.234036203	6161.25878906	2	4.82588801085	1	1	1
398.250871641	4522.00537109	1	nan	0	0	0
399.218011937	9993.10709635	3	19.5848977827	1	1	1
399.224563133	5674.34708659	3	22.8140932456	1	0	0
399.246064179	3798.90795898	1	nan	0	0	0
400.230275427	7770.6344401	3	11.4203365699	1	1	1
400.236854383	5156.63867188	2	1.5422606402	1	1	1
400.378170418	4618.48486328	1	nan	0	0	0
401.286973291	3182.33447266	1	nan	0	0	0
402.357446261	4955.0374349	3	13.0355875539	1	1	1
403.279738341	3334.58032227	1	nan	0	0	0
404.198111434	5984.42301432	3	26.8844362	1	0	0
404.201537684	16350.9345703	3	29.1059357766	1	0	0
404.206301336	295431.75	3	33.0586250465	1	0	0
404.238180532	5011.61181641	2	17.1318152638	1	1	1
405.209805465	62465.640625	3	36.7705651495	1	0	0
406.153411429	7231.02246094	1	nan	0	0	0
406.213667326	5905.44352214	3	25.0238964342	1	0	0
406.292463421	11187.7815755	3	18.6359033946	1	1	1
406.328960325	5321.09960938	2	9.13640529687	1	1	1
407.251343989	3784.35961914	2	10.2165400265	1	1	1
407.296047366	4876.57910156	1	nan	0	0	0
408.277674085	5916.56184896	3	2.1791074618	1	1	1
408.299323415	8670.63346354	3	30.7569592039	1	0	0
408.30258768	17563.8125	1	nan	0	0	0
408.307835073	487096.166667	3	37.0826130467	1	0	0
408.344203633	3938.44140625	1	nan	0	0	0
409.15036414	15421.1936849	3	18.4518085817	1	1	1
409.152813742	11752.4667969	1	nan	0	0	0
409.161407525	1137725.5	3	15.5139226038	1	1	1
409.165837754	40072.0585938	2	0.753603347563	1	1	1
409.230603123	4090.64770508	1	nan	0	0	0
409.267079894	4543.20345052	3	17.1491510584	1	1	1
409.305863019	4662.80908203	1	nan	0	0	0
409.311414755	97509.1041667	3	38.7504223435	1	0	0
409.316546015	4372.18457031	1	nan	0	0	0
410.156113108	4906.10701497	3	14.8534050484	1	1	1
410.159850617	13597.6411133	2	6.53691118372	1	1	1
410.165061458	226420.604167	3	14.5363930537	1	1	1
410.20392338	5864.30224609	1	nan	0	0	0
410.315118596	7862.08154297	3	38.6313632587	1	0	0
411.164673851	5352.29777018	3	22.5125383173	1	0	0
411.168916488	20273.0403646	3	18.8417760644	1	1	1
411.210137409	3206.16577148	1	nan	0	0	0
411.246215731	10305.3346354	3	9.93081263066	1	1	1
411.282572844	8923.63736979	3	17.0099449397	1	1	1
412.200375106	10749.6302083	3	28.5360277841	1	0	0
413.225580961	8483.6891276	3	1.90413461117	1	1	1
413.266077311	6060.55061849	3	8.69500561656	1	1	1
413.373204046	4053.99121094	1	nan	0	0	0
414.215994841	35182.6901042	3	23.1422910795	1	0	0
414.252323062	4873.07641602	2	9.92722939906	1	1	1
415.174981128	4085.58227539	2	12.8636601712	1	1	1
415.21944954	6099.85913086	2	33.142314898	1	0	0
415.253489631	8700.99707031	2	4.36881953072	1	1	1
416.373242822	3215.46630859	1	nan	0	0	0
417.819151953	8404.96728516	2	5.72956270686	1	1	1
418.222198282	5232.04182943	3	8.66734771016	1	1	1
418.320904634	4725.35253906	1	nan	0	0	0
418.32854873	3496.04602051	2	9.37337168255	1	1	1
420.232744297	6460.24951172	2	5.77137483881	1	1	1
422.293897768	11152.7325846	3	29.2913289981	1	0	0
423.297180276	4117.44812012	2	16.9099738261	1	1	1
424.282080901	9739.04370117	2	32.2245553227	1	0	0
424.808977032	3520.35864258	2	4.74304424411	1	1	1
425.1357816	38924.327474	3	44.0958700593	1	0	0
425.214376312	8746.96679688	1	nan	0	0	0
425.262039352	4539.27856445	2	2.91540016517	1	1	1
426.139075796	9706.6492513	3	41.6724482645	1	0	0
427.133885942	3993.85449219	1	nan	0	0	0
429.088393511	14004.5611979	3	8.93088160595	1	1	1
430.087797079	3779.14990234	2	0.459888685594	1	1	1
430.389033254	5308.14957682	3	19.6616875939	1	1	1
433.204079168	3796.58569336	1	nan	0	0	0
435.394060952	6956.53857422	3	6.07570062963	1	1	1
436.339182316	6894.98486328	3	31.3928124976	1	0	0
436.397108221	3023.62011719	1	nan	0	0	0
437.156565887	3075.16927083	3	2.51913931152	1	1	1
437.235272606	9346.72932943	3	27.5503204577	1	0	0
437.298224325	3343.0234375	1	nan	0	0	0
439.277214672	3474.76000977	1	nan	0	0	0
441.404542531	3176.32324219	1	nan	0	0	0
441.811142008	4870.19458008	2	30.4491401455	1	0	0
443.308261437	3519.1644694	3	10.1913941453	1	1	1
443.322304844	9404.8992513	3	18.9049004132	1	1	1
443.347270193	3080.14318848	2	1.50284158947	1	1	1
443.383833285	4869.45442708	3	13.8609313325	1	1	1
444.404200062	4171.57023112	3	22.4553700221	1	0	0
445.11950248	23570.9700521	3	4.08671605396	1	1	1
445.399445233	6732.01969401	3	19.242776285	1	1	1
446.119031949	7216.62158203	3	4.11977071685	1	1	1
446.253222126	22908.1796875	3	17.6046394835	1	1	1
446.359908174	5375.03149414	3	19.1543378888	1	1	1
447.116244415	4255.45011393	3	14.8573750834	1	1	1
447.256603463	6890.18603516	3	27.0855791993	1	0	0
447.318889996	3357.70458984	1	nan	0	0	0
448.338994143	3506.95288086	2	5.13258434225	1	1	1
448.375571413	12646.2242839	3	17.0113519206	1	1	1
449.373874614	5848.17537435	3	22.6061040061	1	0	0
449.378382911	3980.48974609	2	20.8813913273	1	0	0
450.317346021	3037.06054688	1	nan	0	0	0
451.313978282	2910.02905273	1	nan	0	0	0
451.388827083	8003.78434245	3	16.7238533827	1	1	1
452.333779769	3655.48852539	1	nan	0	0	0
453.292990252	3002.69189453	2	1.39289078664	1	1	1
453.368284471	9172.61914062	3	10.724893981	1	1	1
453.404518778	15390.9287109	3	14.2674108284	1	1	1
454.276961862	6989.82446289	2	25.3933268859	1	0	0
454.371641487	3562.02197266	1	nan	0	0	0
454.407928456	4155.56665039	3	4.65299611986	1	1	1
455.154706472	4290.71264648	2	0.997527192265	1	1	1
455.276124346	5492.20996094	2	36.7933950483	1	0	0
455.347353186	3381.38574219	1	nan	0	0	0
455.383747134	5878.50764974	3	8.7418243874	1	1	1
456.278079632	4537.7820638	3	3.43671698726	1	1	1
457.143320918	5457.39485677	3	24.6244615892	1	0	0
457.291804278	5403.37109375	2	18.3456255246	1	1	1
457.363058203	4630.85693359	3	9.05035065197	1	1	1
457.39932646	4893.27148438	3	16.2092176561	1	1	1
458.253417425	4142.51708984	1	nan	0	0	0
459.279557706	3504.27661133	2	1.55257418792	1	1	1
459.378737713	6708.88818359	3	7.39280949494	1	1	1
460.339034477	3188.13818359	2	2.35492066769	1	1	1
460.375555353	3939.58093262	2	24.1559868828	1	0	0
461.334334465	9075.10758464	3	13.7902522988	1	1	1
461.370743046	7969.23974609	3	20.6942237772	1	0	0
462.145872787	3407.04996745	3	13.6449256974	1	1	1
462.337782536	3069.21362305	3	2.76793537999	1	1	1
462.354830734	4035.11865234	3	20.1272438364	1	0	0
462.373972735	3493.48950195	1	nan	0	0	0
463.349435697	5450.19791667	3	10.4514462711	1	1	1
463.386299225	4238.35705566	2	8.90479176625	1	1	1
464.334162639	3526.67578125	2	3.57861926234	1	1	1
464.370195868	3715.42431641	1	nan	0	0	0
464.406647293	4064.90486654	3	22.1419330106	1	0	0
465.304263595	3391.5715332	1	nan	0	0	0
465.329056425	3682.74047852	2	15.8827949608	1	1	1
465.365335191	16479.4944661	3	19.1121709229	1	1	1
465.370670321	3995.36645508	1	nan	0	0	0
466.313338658	2903.30664062	1	nan	0	0	0
466.319924806	3393.91276042	3	5.33350145272	1	1	1
466.349492703	4687.75732422	3	10.7387206456	1	1	1
466.36859891	4382.91540527	2	10.926361661	1	1	1
467.101370009	6131.04020182	3	22.6734648701	1	0	0
467.120340411	4232.39941406	1	nan	0	0	0
467.348071731	4649.41601562	3	25.2317146277	1	0	0
467.383785082	35387.4733073	3	12.7755987513	1	1	1
467.420154464	4727.58317057	3	19.4009193481	1	1	1
468.101159357	3130.82104492	1	nan	0	0	0
468.368113591	5907.72932943	3	14.2164104171	1	1	1
468.387165743	11055.2604167	3	15.1810107713	1	1	1
469.363265958	8380.55533854	3	18.0052460629	1	1	1
469.39952464	21507.6380208	3	20.5081597238	1	0	0
470.269418409	16383.4807943	3	33.3029755704	1	0	0
470.27834529	14141.9589844	3	34.5248920543	1	0	0
470.402777519	6308.68408203	3	11.4812167801	1	1	1
470.77100372	8922.03678385	3	34.5444398343	1	0	0
471.132097889	54720.0390625	3	27.9195432656	1	0	0
471.271683376	5847.27856445	2	34.8587101881	1	0	0
471.27345671	3239.83837891	1	nan	0	0	0
471.281927861	4492.14355469	1	nan	0	0	0
471.378718627	16239.5895182	3	3.26763544218	1	1	1
471.415178638	3486.22314453	1	nan	0	0	0
472.135451122	13324.0833333	3	24.7648941854	1	0	0
472.27477284	3429.17578125	1	nan	0	0	0
472.382034711	4568.8277181	3	15.3363072764	1	1	1
473.286981455	3486.66308594	2	7.38415048638	1	1	1
473.358002228	7352.63590495	3	9.62042962358	1	1	1
473.370977746	3914.83007812	1	nan	0	0	0
473.394345682	19347.6699219	3	1.90813926643	1	1	1
473.401650276	4143.81201172	1	nan	0	0	0
474.354657584	3336.94189453	2	6.28177376923	1	1	1
474.378311341	3881.75032552	3	16.7888416782	1	1	1
474.397587141	6925.1344401	3	6.16303499488	1	1	1
475.313641545	3300.14416504	2	1.26600248768	1	1	1
475.337517028	3500.9152832	2	1.18041117735	1	1	1
475.350052896	31130.8938802	3	8.75766969983	1	1	1
475.373823736	3173.19750977	1	nan	0	0	0
475.386404728	14933.5364583	3	15.0109072023	1	1	1
476.294887409	5285.60742188	1	nan	0	0	0
476.305798116	6967.54125977	2	24.2940786149	1	0	0
476.33398165	3692.52758789	3	10.8895007336	1	1	1
476.35343186	7144.74267578	3	16.8294521211	1	1	1
476.370382833	5026.75813802	3	18.3324266876	1	1	1
476.389467171	4449.58129883	3	21.5500991985	1	0	0
477.149083214	6433.50276693	3	33.6801611395	1	0	0
477.229962163	5623.89709473	2	44.6880133724	1	0	0
477.329262666	6425.53971354	3	6.86591674574	1	1	1
477.365698272	21531.3626302	3	13.1251672161	1	1	1
477.373327393	3512.86279297	1	nan	0	0	0
478.15231623	2886.04736328	1	nan	0	0	0
478.313577544	3199.42456055	2	12.275995981	1	1	1
478.349730229	7336.70719401	3	14.9459802565	1	1	1
478.36890241	5309.23486328	3	15.5599226621	1	1	1
478.385993704	4643.78792318	3	7.68631821506	1	1	1
479.308316557	3287.35473633	1	nan	0	0	0
479.344810641	11546.3610026	3	6.46199065733	1	1	1
479.38071689	5184.5633138	3	7.7287874167	1	1	1
480.328710368	5155.94466146	3	10.5269789607	1	1	1
480.348073438	2811.90576172	1	nan	0	0	0
480.36510473	5384.57291667	3	24.3261362625	1	0	0
481.261278281	9121.93733724	3	26.4215538238	1	0	0
481.283320752	3602.58654785	2	2.96190525274	1	1	1
481.323990787	3864.12719727	2	18.3249370635	1	1	1
481.330931037	3727.4855957	1	nan	0	0	0
481.363480469	14055.1972656	3	16.6930802269	1	1	1
481.39966996	5589.64388021	3	22.6579839286	1	0	0
481.472049027	3971.30273438	2	11.2291331314	1	1	1
482.20336355	3143.875	1	nan	0	0	0
482.264713314	3272.06005859	1	nan	0	0	0
482.313986902	3745.8861084	2	13.1182616711	1	1	1
482.315018012	3778.78295898	1	nan	0	0	0
482.366725627	4028.04760742	3	17.979095409	1	1	1
483.378593807	30736.7675781	3	9.53651835449	1	1	1
483.414863853	4536.3046875	2	7.03007808531	1	1	1
483.487870505	6097.91194661	3	12.2356628653	1	1	1
484.382054664	7556.76774089	3	8.81925095105	1	1	1
485.358255073	7345.2109375	3	13.2507080651	1	1	1
485.39432003	21668.2630208	3	17.4142309495	1	1	1
486.397669872	5808.42919922	3	5.73585162948	1	1	1
487.266204812	5056.05895996	2	20.9573474739	1	0	0
487.350138722	4321.45092773	2	1.9445994763	1	1	1
487.373636706	13093.7483724	3	10.1775690931	1	1	1
487.381052283	7823.39876302	3	15.622684899	1	1	1
487.409931065	5894.89713542	3	14.9131762593	1	1	1
488.268834295	3219.48999023	1	nan	0	0	0
488.376831271	3245.01867676	2	5.11063889127	1	1	1
489.22653806	20048.4720052	3	20.0954620317	1	0	0
489.281805221	7467.11499023	2	25.4607809509	1	0	0
489.329338852	7353.99527995	3	10.9404506577	1	1	1
489.352794997	4424.84195964	3	15.3380253352	1	1	1
489.365578356	58347.5065104	3	5.11441648927	1	1	1
489.401931074	6269.71875	3	22.8197843548	1	0	0
490.229982444	6229.08805339	3	28.6909407655	1	0	0
490.284896435	3926.72412109	1	nan	0	0	0
490.33261046	3108.51708984	1	nan	0	0	0
490.350005654	6063.54736328	3	15.7980240884	1	1	1
490.368965067	15699.8134766	3	8.01424581536	1	1	1
491.297472784	4643.26599121	2	12.3690471292	1	1	1
491.344997517	15663.9222005	3	5.44722918107	1	1	1
491.381177101	17328.6520182	3	7.14374096356	1	1	1
492.328819625	3707.39782715	2	1.57687581144	1	1	1
492.3481615	4490.46695964	3	4.72086356717	1	1	1
492.365025254	4951.61816406	3	18.8594927828	1	1	1
492.384338717	4095.40917969	3	5.09460548241	1	1	1
493.324469934	6469.08707682	3	14.4760864459	1	1	1
493.360481158	19037.9111328	3	10.4071744949	1	1	1
494.34461682	5365.46085612	3	20.455057545	1	0	0
494.351491139	3374.64355469	1	nan	0	0	0
494.363812624	4950.31884766	3	19.2424320691	1	1	1
494.380975335	8378.49755859	3	16.304370413	1	1	1
495.339398374	5373.8030599	3	32.4611229586	1	0	0
495.343974843	3660.23535156	1	nan	0	0	0
495.3791238	6263.41235352	2	13.5178698743	1	1	1
495.38043001	4258.86425781	1	nan	0	0	0
495.415090519	3424.95874023	1	nan	0	0	0
497.358055503	6325.66031901	3	11.8047603948	1	1	1
497.394225838	6859.83333333	3	6.86723426532	1	1	1
497.503461101	3355.73095703	1	nan	0	0	0
498.389441852	4928.72705078	3	4.10806750196	1	1	1
499.274116262	4217.65234375	1	nan	0	0	0
499.373606126	8285.63264974	3	13.8756534004	1	1	1
499.409597347	3036.25317383	1	nan	0	0	0
500.238516214	5656.17089844	2	38.1290121633	1	0	0
501.389240974	4526.25960286	3	19.9414382426	1	1	1
501.396346205	4544.43562826	3	25.1199550625	1	0	0
501.425584355	8470.62727865	3	7.9703226822	1	1	1
503.106938569	5763.43261719	3	10.1678390763	1	1	1
503.344858806	16502.8212891	3	4.03840490314	1	1	1
503.381233298	10144.7639974	3	5.18500504345	1	1	1
504.348282802	3645.02441406	3	17.5050908561	1	1	1
504.38440891	3303.24731445	2	2.20851270807	1	1	1
505.361890434	15774.819987	3	5.68503143973	1	1	1
506.365022258	5815.47623698	3	12.4509628964	1	1	1
507.341530423	9080.25504557	3	29.7986150895	1	0	0
507.377486011	29901.9459635	3	12.6435585204	1	1	1
508.361033475	6432.22412109	1	nan	0	0	0
508.380813166	8625.56136068	3	8.69421184335	1	1	1
509.356884692	9729.38655599	3	27.3814433055	1	0	0
509.364237757	7270.21826172	3	14.3820447778	1	1	1
509.504668037	12361.1266276	3	17.6985263291	1	1	1
510.507842745	7867.47363281	1	nan	0	0	0
511.209941149	8135.05273438	1	nan	0	0	0
511.336316892	6286.95019531	1	nan	0	0	0
511.520011708	6432.53686523	2	1.93172671695	1	1	1
513.39084236	4718.20849609	1	nan	0	0	0
515.370741735	6525.04817708	3	5.1192125402	1	1	1
515.387319179	5707.41113281	1	nan	0	0	0
515.395256023	45987.0078125	2	0.35848270325	1	1	1
515.412244819	1667826.20833	3	19.3892078241	1	1	1
515.430521349	6302.42822266	1	nan	0	0	0
516.401724562	19613.5429688	3	19.5058648389	1	1	1
516.407707168	29169.0078125	1	nan	0	0	0
516.409228971	45913.6367188	1	nan	0	0	0
516.416344736	471292.145833	3	20.9202041136	1	0	0
517.362206107	6282.59114583	3	4.70130232731	1	1	1
517.385683287	23059.7063802	3	18.223341112	1	1	1
517.400156661	5876.85522461	2	0.332661739671	1	1	1
517.409493371	54614.1002604	3	14.5590359714	1	1	1
517.420181076	65932.7317708	3	15.1493363539	1	1	1
518.388778426	7914.20458984	3	17.8102971935	1	1	1
518.412508528	17352.4313151	3	16.2402758307	1	1	1
518.423863354	7790.98046875	1	nan	0	0	0
519.139579055	12171.4173177	3	22.0800908025	1	0	0
519.340979542	11120.1523438	3	6.45398370333	1	1	1
519.377565557	12654.3310547	3	19.7689635586	1	1	1
521.356660782	33283.1464844	3	6.28749625425	1	1	1
521.39293931	28706.5664062	3	13.8566830771	1	1	1
522.340982914	10256.8369141	3	5.39249981348	1	1	1
522.360138023	12834.7929688	3	5.42768401726	1	1	1
522.396426526	6572.04833984	3	21.7603823646	1	0	0
523.33561138	5445.44238281	1	nan	0	0	0
523.337047511	7055.33056641	1	nan	0	0	0
523.372419162	64407.6302083	3	9.81351367838	1	1	1
523.408861464	17446.9879557	3	14.2695804393	1	1	1
523.52046308	8109.05891927	3	12.9427344042	1	1	1
524.375732225	16675.1090495	3	10.8824091362	1	1	1
524.412211799	5788.77368164	2	12.4570359596	1	1	1
525.35165473	27490.797526	3	13.1315483686	1	1	1
525.387846719	9097.48535156	3	10.0373404103	1	1	1
526.355062195	8471.65738932	3	20.2638762666	1	0	0
527.367164351	6693.09733073	3	7.36110576492	1	1	1
527.406401909	8579.5320638	3	13.305915255	1	1	1
529.385450346	6237.60888672	2	8.78577786601	1	1	1
529.4215338	9628.89029948	3	20.4542719547	1	0	0
531.363577222	4784.74414062	1	nan	0	0	0
531.377642335	6451.09423828	1	nan	0	0	0
531.391647607	8119.31005859	1	nan	0	0	0
531.398602148	11453.4804688	1	nan	0	0	0
531.408008652	136855.065104	3	39.8253154503	1	0	0
531.486381182	10362.3745117	3	31.3695226442	1	0	0
532.411780283	42206.5976562	3	35.7754050722	1	0	0
532.423231194	16796.8942057	3	13.9174389138	1	1	1
532.430171602	28362.8704427	3	6.31378805513	1	1	1
532.439307232	501710.229167	3	17.6792559329	1	1	1
533.356761582	7061.97998047	2	4.2627862187	1	1	1
533.380606339	6355.77441406	1	nan	0	0	0
533.393581569	7154.15315755	3	20.7295636083	1	0	0
533.405259159	8797.96484375	1	nan	0	0	0
533.415579698	6692.43717448	3	17.122039059	1	1	1
533.4249226	5955.25341797	1	nan	0	0	0
533.432944005	9762.80273438	3	5.71308767255	1	1	1
533.443287441	136482.695312	3	15.7247782032	1	1	1
533.502511286	5677.52685547	1	nan	0	0	0
534.387376858	11904.3038737	3	29.0365163572	1	0	0
534.435783869	15192.0602214	3	5.04577917327	1	1	1
534.446571061	17056.9882812	3	15.3446529719	1	1	1
534.88852012	9694.203125	2	5.03081335656	1	1	1
535.336188036	6726.10188802	3	4.50186342849	1	1	1
535.372509122	29121.3554688	3	8.14524577155	1	1	1
535.390392906	5056.76611328	1	nan	0	0	0
535.408926591	13207.8378906	3	5.15809032004	1	1	1
535.438711907	6428.44873047	1	nan	0	0	0
535.520430339	19095.733724	3	7.19198962033	1	1	1
536.283276303	5836.72851562	1	nan	0	0	0
536.37551435	6999.54654948	3	9.36642759437	1	1	1
536.523136524	7154.60416667	3	12.7506154609	1	1	1
537.351909826	17081.8945312	3	8.74884247867	1	1	1
537.359552056	5320.39794922	1	nan	0	0	0
537.362874472	5808.64160156	3	5.28002941926	1	1	1
537.366274836	5330.46972656	1	nan	0	0	0
537.378560735	76416.2473958	3	8.112627442	1	1	1
537.393816539	4307641.0	3	5.07470660735	1	1	1
537.40249374	106428.289062	1	nan	0	0	0
537.413840034	10200.0709635	3	4.65115880941	1	1	1
537.417292668	7482.0929362	3	11.5434522787	1	1	1
537.420921306	6871.16520182	3	20.804832462	1	0	0
537.424257029	6899.71988932	3	12.0922006204	1	1	1
537.427255451	6338.8449707	2	12.3435612103	1	1	1
537.535794624	72496.3450521	3	9.56104330733	1	1	1
538.355905493	7529.57177734	1	nan	0	0	0
538.382037929	28781.9140625	3	4.54554537663	1	1	1
538.397830564	1276431.29167	3	4.60027049991	1	1	1
538.406362278	36879.1640625	3	4.48187083841	1	1	1
538.539082081	23393.2832031	3	4.6277365065	1	1	1
539.367664069	57975.5950521	3	9.25110251569	1	1	1
539.380806431	8152.06884766	1	nan	0	0	0
539.391380921	117529.606771	3	7.53645070512	1	1	1
539.401871361	154128.026042	3	5.13867128739	1	1	1
539.551924535	5883.56347656	2	5.42267263691	1	1	1
540.296252352	9157.59667969	3	17.9601332287	1	1	1
540.370905277	15744.6705729	3	14.4980190943	1	1	1
540.394746038	41930.0065104	3	6.22443928729	1	1	1
540.405600697	11272.9254557	3	12.9912691023	1	1	1
541.383340747	8242.69873047	3	19.4119739727	1	1	1
541.397949292	4992.95117188	1	nan	0	0	0
545.406726061	22300.25	1	nan	0	0	0
545.414226243	40920.453125	1	nan	0	0	0
545.423225429	903431.5	1	nan	0	0	0
545.424383817	12870.5058594	1	nan	0	0	0
546.409759191	9471.65527344	1	nan	0	0	0
546.426909459	144568.39624	2	96.5444695311	1	0	0
546.455586561	6389.53271484	2	19.3653132798	1	1	1
547.37239619	5998.93375651	3	16.7837788127	1	1	1
547.419940277	25522.2128906	1	nan	0	0	0
547.430671257	39332.7109375	1	nan	0	0	0
548.423392537	9631.85742188	1	nan	0	0	0
549.351634997	6620.07682292	3	7.57103780058	1	1	1
549.388243844	21050.9882812	3	11.6247012579	1	1	1
549.53619462	4575.22949219	1	nan	0	0	0
550.391191033	7089.71891276	3	16.6771913048	1	1	1
551.367382768	11413.6002604	3	6.87530879481	1	1	1
551.403697295	14655.8681641	3	9.11579578935	1	1	1
551.55176641	11616.0416667	3	10.3604328163	1	1	1
552.40695837	5778.58886719	1	nan	0	0	0
552.555293829	4580.00488281	1	nan	0	0	0
553.346428443	8663.95068359	2	15.5118379289	1	1	1
553.3695614	71950.7929688	3	37.1876849682	1	0	0
553.390091934	153256.5625	3	61.4325439342	1	0	0
553.419277788	8575.0999349	3	3.61567266199	1	1	1
554.372754031	20298.9264323	3	35.5172250766	1	0	0
554.393816972	42915.3847656	3	58.5739921039	1	0	0
555.332943613	7123.95507812	1	nan	0	0	0
555.361222875	11331.9261068	3	17.8349894587	1	1	1
555.369266625	6116.37304688	2	15.0824279606	1	1	1
555.385099619	9027.96972656	1	nan	0	0	0
555.398664672	77935.3359375	3	18.7172428673	1	1	1
556.402344472	16695.2594401	3	20.4200179375	1	0	0
557.453469751	7216.23697917	3	1.0742731239	1	1	1
557.489946558	9941.46354167	3	15.4887224983	1	1	1
557.502052779	7647.70605469	2	4.61818935442	1	1	1
558.307041599	7819.53466797	1	nan	0	0	0
559.517559866	10821.4912109	2	3.50316531403	1	1	1
559.51911941	6281.28955078	1	nan	0	0	0
561.536349506	12756.7838542	3	13.5632912775	1	1	1
562.538834763	4786.42285156	1	nan	0	0	0
563.367104421	5985.58105469	2	7.1939320323	1	1	1
563.403899622	5545.37524414	2	15.0316566667	1	1	1
563.532551235	5288.43066406	1	nan	0	0	0
563.551764998	125450.554688	3	11.8514248289	1	1	1
564.555026006	41954.8359375	3	15.2998754115	1	1	1
565.382920778	8268.34521484	2	0.534766116373	1	1	1
565.567429551	12657.5983073	3	14.9341477427	1	1	1
567.361796412	7129.86376953	2	18.2852221013	1	1	1
570.546527982	5805.11889648	2	4.25317903065	1	1	1
575.393064342	6284.23413086	2	13.6402275924	1	1	1
576.467188313	7081.20556641	3	16.6750671737	1	1	1